# File generated by CMD 3.0 (http://stev.oapd.inaf.it/cmd) on Fri May 18 15:52:20 CEST 2018
# isochrones PARSEC release v1.2S + COLIBRI release PR16, as in Marigo et al. 2017
# Basic reference: Marigo et al. (2017), ApJ, 835, 77
# Photometric system: Gaia's DR2 G, G_BP and G_RP (Vegamags)
# O-rich circumstellar dust ignored
# C-rich circumstellar dust ignored
# Kind of output: isochrone tables
Zini Age Mini  Mass   logL    logTe  logg  label   McoreTP C_O  period0 period1 pmode  Mloss  tau1m   X   Y   Xc  Xn  Xo  Cexcess  Z 	 mbolmag  Gmag    G_BPmag  G_RPmag
0.00689 1.10e+10 0.0900000036    0.090 -3.355  3.3927  5.270    1  0.000  0.545     0.00     0.00 -1  4.29e-17      0.00 7.306e-01 2.624e-01 1.252e-03 3.377e-04 3.063e-03 -1.000 6.962e-03 13.158 15.005 18.002 13.649
0.00689 1.10e+10 0.0996066481    0.100 -3.159  3.4213  5.233    1  0.000  0.545     0.00     0.00 -1  6.68e-17      0.00 7.300e-01 2.631e-01 1.252e-03 3.377e-04 3.063e-03 -1.000 6.962e-03 12.668 14.239 16.816 12.923
0.00689 1.10e+10 0.1188199520    0.119 -2.903  3.4525  5.177    1  0.000  0.545     0.00     0.00 -1  1.18e-16      0.00 7.288e-01 2.642e-01 1.252e-03 3.377e-04 3.063e-03 -1.000 6.961e-03 12.027 13.287 15.451 12.033
0.00689 1.10e+10 0.1380332410    0.138 -2.721  3.4721  5.138    1  0.000  0.545     0.00     0.00 -1  1.74e-16      0.00 7.279e-01 2.652e-01 1.252e-03 3.377e-04 3.063e-03 -1.000 6.962e-03 11.571 12.676 14.518 11.474
0.00689 1.10e+10 0.1572465301    0.157 -2.579  3.4856  5.107    1  0.000  0.545     0.00     0.00 -1  2.34e-16      0.00 7.269e-01 2.661e-01 1.252e-03 3.377e-04 3.063e-03 -1.000 6.961e-03 11.217 12.219 13.866 11.056
0.00689 1.10e+10 0.1956731230    0.195 -2.361  3.5035  5.056    1  0.000  0.545     0.00     0.00 -1  3.67e-16      0.00 7.256e-01 2.675e-01 1.252e-03 3.377e-04 3.063e-03 -1.000 6.961e-03 10.673 11.545 12.981 10.436
0.00689 1.10e+10 0.2437063754    0.243 -2.151  3.5183  5.000    1  0.000  0.545     0.00     0.00 -1         0      0.00 7.247e-01 2.684e-01 1.252e-03 3.377e-04 3.063e-03 -1.000 6.961e-03 10.148 10.919 12.213 9.853
0.00689 1.10e+10 0.2917395830    0.291 -1.986  3.5287  4.955    1  0.000  0.545     0.00     0.00 -1         0      0.00 7.244e-01 2.687e-01 1.252e-03 3.377e-04 3.063e-03 -1.000 6.961e-03 9.736 10.439 11.650 9.401
0.00689 1.10e+10 0.3149538040    0.314 -1.915  3.5329  4.934    1  0.000  0.545     0.00     0.00 -1         0      0.00 7.275e-01 2.656e-01 1.252e-03 3.377e-04 3.063e-03 -1.000 6.961e-03 9.559 10.235 11.417 9.208
0.00689 1.10e+10 0.3397728503    0.339 -1.845  3.5371  4.914    1  0.000  0.545     0.00     0.00 -1         0      0.00 7.304e-01 2.627e-01 1.252e-03 3.377e-04 3.063e-03 -1.000 6.961e-03 9.383 10.033 11.185 9.017
0.00689 1.10e+10 0.3878061175    0.387 -1.701  3.5473  4.869    1  0.000  0.545     0.00     0.00 -1         0      0.00 7.320e-01 2.611e-01 1.252e-03 3.377e-04 3.063e-03 -1.000 6.961e-03 9.024 9.613 10.699 8.623
0.00689 1.10e+10 0.4358392954    0.435 -1.547  3.5603  4.817    1  0.000  0.545     0.00     0.00 -1  2.11e-15      0.00 7.320e-01 2.610e-01 1.252e-03 3.377e-04 3.063e-03 -1.000 6.962e-03 8.637 9.155 10.168 8.198
0.00689 1.10e+10 0.4838725626    0.483 -1.381  3.5772  4.764    1  0.000  0.545     0.00     0.00 -1  3.13e-15      0.00 7.320e-01 2.610e-01 1.252e-03 3.377e-04 3.063e-03 -1.000 6.962e-03 8.221 8.670 9.618 7.741
0.00689 1.10e+10 0.5319058299    0.531 -1.196  3.5993  4.709    1  0.000  0.545     0.00     0.00 -1  4.85e-15      0.00 7.498e-01 2.437e-01 1.169e-03 3.156e-04 2.863e-03 -1.000 6.518e-03 7.761 8.076 8.871 7.225
0.00689 1.10e+10 0.5799390078    0.579 -1.009  3.6268  4.669    1  0.000  0.544     0.00     0.00 -1  7.48e-15      0.00 7.621e-01 2.317e-01 1.122e-03 3.029e-04 2.749e-03 -1.000 6.233e-03 7.293 7.528 8.213 6.746
0.00689 1.10e+10 0.6279722452    0.627 -0.824  3.6585  4.645    1  0.000  0.544     0.00     0.00 -1  1.13e-14      0.00 7.659e-01 2.279e-01 1.107e-03 2.989e-04 2.713e-03 -1.000 6.170e-03 6.829 6.951 7.520 6.251
0.00689 1.10e+10 0.6401655674    0.640 -0.777  3.6665  4.638    1  0.000  0.544     0.00     0.00 -1  1.26e-14      0.00 7.669e-01 2.269e-01 1.103e-03 2.979e-04 2.704e-03 -1.000 6.146e-03 6.712 6.806 7.350 6.125
0.00689 1.10e+10 0.6760054827    0.676 -0.642  3.6893  4.619    1  0.000  0.544     0.00     0.00 -1  1.71e-14      0.00 7.699e-01 2.241e-01 1.092e-03 2.949e-04 2.677e-03 -1.000 6.077e-03 6.375 6.398 6.875 5.770
0.00689 1.10e+10 0.6820104122    0.682 -0.620  3.6928  4.614    1  0.000  0.543     0.00     0.00 -1   1.8e-14      0.00 7.705e-01 2.235e-01 1.088e-03 2.942e-04 2.672e-03 -1.000 6.073e-03 6.319 6.332 6.800 5.712
0.00689 1.10e+10 0.6979504824    0.698 -0.560  3.7021  4.602    1  0.000  0.542     0.00     0.00 -1         0      0.00 7.721e-01 2.219e-01 1.079e-03 2.925e-04 2.657e-03 -1.000 6.038e-03 6.170 6.162 6.605 5.562
0.00689 1.10e+10 0.7132639885    0.713 -0.503  3.7109  4.590    1  0.000  0.541     0.00     0.00 -1         0      0.00 7.737e-01 2.204e-01 1.071e-03 2.908e-04 2.642e-03 -1.000 5.987e-03 6.028 6.000 6.422 5.419
0.00689 1.10e+10 0.7240387201    0.724 -0.463  3.7170  4.580    1  0.000  0.540     0.00     0.00 -1   2.6e-14      0.00 7.747e-01 2.193e-01 1.065e-03 2.896e-04 2.632e-03 -1.000 5.991e-03 5.927 5.889 6.296 5.321
0.00689 1.10e+10 0.7360584736    0.736 -0.418  3.7233  4.568    1  0.000  0.539     0.00     0.00 -1  2.91e-14      0.00 7.762e-01 2.178e-01 1.057e-03 2.880e-04 2.618e-03 -1.000 5.965e-03 5.814 5.764 6.157 5.209
0.00689 1.10e+10 0.7475357652    0.747 -0.374  3.7292  4.555    1  0.000  0.538     0.00     0.00 -1  3.24e-14      0.00 7.776e-01 2.164e-01 1.050e-03 2.864e-04 2.604e-03 -1.000 5.913e-03 5.705 5.647 6.026 5.105
0.00689 1.10e+10 0.7584671378    0.758 -0.333  3.7347  4.541    1  0.000  0.537     0.00     0.00 -1         0      0.00 7.790e-01 2.151e-01 1.043e-03 2.849e-04 2.591e-03 -1.000 5.918e-03 5.601 5.536 5.902 5.005
0.00689 1.10e+10 0.7691596150    0.769 -0.291  3.7400  4.527    1  0.000  0.536     0.00     0.00 -1         0      0.00 7.804e-01 2.138e-01 1.036e-03 2.834e-04 2.578e-03 -1.000 5.882e-03 5.499 5.428 5.782 4.907
0.00689 1.10e+10 0.7729460597    0.772 -0.277  3.7418  4.522    1  0.000  0.536     0.00     0.00 -1  4.14e-14      0.00 7.808e-01 2.133e-01 1.034e-03 2.829e-04 2.574e-03 -1.000 5.870e-03 5.462 5.390 5.740 4.873
0.00689 1.10e+10 0.7826083302    0.782 -0.239  3.7460  4.506    1  0.000  0.536     0.00     0.00 -1  4.56e-14      0.00 7.823e-01 2.118e-01 1.028e-03 2.812e-04 2.558e-03 -1.000 5.835e-03 5.368 5.292 5.634 4.784
0.00689 1.10e+10 0.7934794426    0.793 -0.196  3.7505  4.488    1  0.000  0.535     0.00     0.00 -1         0      0.00 7.841e-01 2.101e-01 1.021e-03 2.793e-04 2.542e-03 -1.000 5.799e-03 5.261 5.181 5.513 4.683
0.00689 1.10e+10 0.8039725423    0.803 -0.154  3.7547  4.468    1  0.000  0.535     0.00     0.00 -1         0      0.00 7.858e-01 2.084e-01 1.014e-03 2.775e-04 2.525e-03 -1.000 5.740e-03 5.156 5.074 5.396 4.584
0.00689 1.10e+10 0.8140793443    0.813 -0.113  3.7586  4.448    1  0.000  0.535     0.00     0.00 -1         0      0.00 7.875e-01 2.068e-01 1.007e-03 2.757e-04 2.509e-03 -1.000 5.680e-03 5.052 4.968 5.282 4.486
0.00689 1.10e+10 0.8218533993    0.821 -0.081  3.7615  4.431    1  0.000  0.535     0.00     0.00 -1  6.99e-14      0.00 7.888e-01 2.056e-01 1.002e-03 2.743e-04 2.497e-03 -1.000 5.633e-03 4.971 4.885 5.194 4.410
0.00689 1.10e+10 0.8326339722    0.832 -0.034  3.7650  4.404    1  0.000  0.535     0.00     0.00 -1  7.98e-14      0.00 7.910e-01 2.034e-01 9.928e-04 2.718e-04 2.475e-03 -1.000 5.621e-03 4.854 4.766 5.067 4.298
0.00689 1.10e+10 0.8427523971    0.842  0.012  3.7681  4.376    1  0.000  0.535     0.00     0.00 -1  9.09e-14      0.00 7.932e-01 2.013e-01 9.841e-04 2.695e-04 2.454e-03 -1.000 5.590e-03 4.740 4.651 4.945 4.189
0.00689 1.10e+10 0.8524055481    0.851  0.057  3.7707  4.346    1  0.000  0.535     0.00     0.00 -1         0      0.00 7.952e-01 1.992e-01 9.758e-04 2.673e-04 2.434e-03 -1.000 5.527e-03 4.629 4.539 4.828 4.083
0.00689 1.10e+10 0.8614896536    0.860  0.099  3.7728  4.317    1  0.000  0.534     0.00     0.00 -1         0      0.00 7.971e-01 1.974e-01 9.682e-04 2.652e-04 2.416e-03 -1.000 5.487e-03 4.523 4.432 4.717 3.981
0.00689 1.10e+10 0.8702532053    0.869  0.140  3.7743  4.286    1  0.000  0.534     0.00     0.00 -1         0      0.00 7.986e-01 1.959e-01 9.623e-04 2.637e-04 2.401e-03 -1.000 5.429e-03 4.419 4.328 4.609 3.880
0.00689 1.10e+10 0.8707607985    0.869  0.143  3.7744  4.284    1  0.000  0.534     0.00     0.00 -1  1.34e-13      0.00 7.986e-01 1.959e-01 9.623e-04 2.637e-04 2.401e-03 -1.000 5.432e-03 4.412 4.321 4.602 3.873
0.00689 1.10e+10 0.8776903749    0.876  0.178  3.7754  4.256    1  0.000  0.534     0.00     0.00 -1   1.5e-13      0.00 7.991e-01 1.955e-01 9.607e-04 2.632e-04 2.398e-03 -1.000 5.460e-03 4.324 4.232 4.511 3.787
0.00689 1.10e+10 0.8792275190    0.878  0.186  3.7755  4.249    1  0.000  0.534     0.00     0.00 -1  1.55e-13      0.00 7.991e-01 1.955e-01 9.607e-04 2.632e-04 2.398e-03 -1.000 5.460e-03 4.304 4.212 4.491 3.767
0.00689 1.10e+10 0.8834671974    0.882  0.210  3.7757  4.229    1  0.000  0.534     0.00     0.00 -1  1.66e-13      0.00 7.991e-01 1.954e-01 9.606e-04 2.633e-04 2.398e-03 -1.000 5.458e-03 4.246 4.154 4.432 3.709
0.00689 1.10e+10 0.8925797343    0.891  0.262  3.7753  4.180    1  0.000  0.534     0.00     0.00 -1  1.96e-13      0.00 7.986e-01 1.959e-01 9.642e-04 2.642e-04 2.407e-03 -1.000 5.459e-03 4.116 4.024 4.303 3.579
0.00689 1.10e+10 0.9010208845    0.899  0.313  3.7735  4.125    1  0.000  0.534     0.00     0.00 -1  2.34e-13      0.00 7.964e-01 1.981e-01 9.759e-04 2.675e-04 2.437e-03 -1.000 5.519e-03 3.988 3.896 4.179 3.448
0.00689 1.10e+10 0.9024925232    0.901  0.322  3.7730  4.115    1  0.000  0.534     0.00     0.00 -1  2.43e-13      0.00 7.958e-01 1.987e-01 9.793e-04 2.684e-04 2.445e-03 -1.000 5.540e-03 3.965 3.874 4.157 3.424
0.00689 1.10e+10 0.9084984064    0.907  0.361  3.7685  4.060    2  0.000  0.534     0.00     0.00 -1  2.81e-13      0.00 7.879e-01 2.064e-01 1.016e-03 2.785e-04 2.537e-03 -1.000 5.755e-03 3.867 3.776 4.068 3.318
0.00689 1.10e+10 0.9140871167    0.912  0.397  3.7606  3.996    2  0.000  0.534     0.00     0.00 -1         0      0.00 7.759e-01 2.180e-01 1.067e-03 2.924e-04 2.663e-03 -1.000 6.045e-03 3.779 3.692 4.001 3.217
0.00689 1.10e+10 0.9177246690    0.916  0.415  3.7506  3.939    2  0.000  0.535     0.00     0.00 -1         0      0.00 7.654e-01 2.283e-01 1.109e-03 3.036e-04 2.763e-03 -1.000 6.290e-03 3.732 3.652 3.981 3.156
0.00689 1.10e+10 0.9196680188    0.918  0.423  3.7422  3.899    2  0.000  0.536     0.00     0.00 -1  3.89e-13      0.00 7.593e-01 2.343e-01 1.132e-03 3.098e-04 2.818e-03 -1.000 6.410e-03 3.713 3.640 3.988 3.127
0.00689 1.10e+10 0.9205093980    0.919  0.426  3.7379  3.879    2  0.000  0.536     0.00     0.00 -1     4e-13      0.00 7.566e-01 2.369e-01 1.142e-03 3.125e-04 2.842e-03 -1.000 6.455e-03 3.706 3.637 3.994 3.115
0.00689 1.10e+10 0.9219596982    0.920  0.434  3.7291  3.836    2  0.000  0.536     0.00     0.00 -1  4.28e-13      0.00 7.523e-01 2.412e-01 1.158e-03 3.167e-04 2.879e-03 -1.000 6.537e-03 3.684 3.628 4.004 3.087
0.00689 1.10e+10 0.9233910441    0.921  0.455  3.7205  3.782    2  0.000  0.537     0.00     0.00 -1  4.76e-13      0.00 7.485e-01 2.449e-01 1.171e-03 3.202e-04 2.911e-03 -1.000 6.608e-03 3.634 3.590 3.986 3.032
0.00689 1.10e+10 0.9247900844    0.923  0.492  3.7138  3.718    2  0.000  0.537     0.00     0.00 -1  5.57e-13      0.00 7.449e-01 2.485e-01 1.182e-03 3.232e-04 2.937e-03 -1.000 6.668e-03 3.541 3.510 3.922 2.937
0.00689 1.10e+10 0.9253630638    0.923  0.511  3.7115  3.690    2  0.000  0.537     0.00     0.00 -1  6.03e-13      0.00 7.434e-01 2.499e-01 1.187e-03 3.242e-04 2.946e-03 -1.000 6.749e-03 3.492 3.465 3.882 2.887
0.00689 1.10e+10 0.9258979559    0.924  0.534  3.7098  3.661    3  0.000  0.537     0.00     0.00 -1  6.56e-13      0.00 7.420e-01 2.513e-01 1.190e-03 3.251e-04 2.954e-03 -1.000 6.755e-03 3.436 3.412 3.834 2.831
0.00689 1.10e+10 0.9269495606    0.925  0.582  3.7070  3.602    3  0.000  0.537     0.00     0.00 -1  7.82e-13      0.00 7.391e-01 2.541e-01 1.195e-03 3.267e-04 2.967e-03 -1.000 6.761e-03 3.314 3.296 3.724 2.710
0.00689 1.10e+10 0.9279105663    0.926  0.633  3.7049  3.543    3  0.000  0.536     0.00     0.00 -1   9.4e-13      0.00 7.362e-01 2.570e-01 1.197e-03 3.282e-04 2.978e-03 -1.000 6.762e-03 3.187 3.173 3.606 2.583
0.00689 1.10e+10 0.9286218286    0.927  0.675  3.7036  3.496    3  0.000  0.534     0.00     0.00 -1  1.09e-12      0.00 7.339e-01 2.593e-01 1.195e-03 3.308e-04 2.985e-03 -1.000 6.764e-03 3.083 3.072 3.509 2.479
0.00689 1.10e+10 0.9293027520    0.927  0.718  3.7024  3.449    3  0.000  0.530     0.00     0.00 -1  1.27e-12      0.00 7.315e-01 2.618e-01 1.188e-03 3.371e-04 2.990e-03 -1.000 6.772e-03 2.976 2.968 3.407 2.372
0.00689 1.10e+10 0.9300935268    0.928  0.772  3.7009  3.389    3  0.000  0.521     0.00     0.00 -1  1.54e-12      0.00 7.286e-01 2.646e-01 1.170e-03 3.547e-04 2.996e-03 -1.000 6.790e-03 2.841 2.835 3.278 2.236
0.00689 1.10e+10 0.9306946993    0.929  0.817  3.6997  3.340    3  0.000  0.512     0.00     0.00 -1  1.81e-12      0.00 7.265e-01 2.667e-01 1.150e-03 3.763e-04 2.999e-03 -1.000 6.815e-03 2.729 2.726 3.172 2.124
0.00689 1.10e+10 0.9312058687    0.929  0.858  3.6986  3.295    3  0.000  0.504     0.00     0.00 -1   2.1e-12      0.00 7.247e-01 2.684e-01 1.133e-03 3.984e-04 3.002e-03 -1.000 6.847e-03 2.626 2.625 3.074 2.021
0.00689 1.10e+10 0.9318093061    0.930  0.911  3.6971  3.236    3  0.000  0.494     0.00     0.00 -1  2.53e-12      0.00 7.228e-01 2.703e-01 1.112e-03 4.240e-04 3.005e-03 -1.000 6.843e-03 2.494 2.496 2.949 1.889
0.00689 1.10e+10 0.9322494268    0.930  0.952  3.6958  3.189    3  0.000  0.489     0.00     0.00 -1  2.94e-12      0.00 7.216e-01 2.715e-01 1.100e-03 4.401e-04 3.007e-03 -1.000 6.860e-03 2.389 2.395 2.850 1.784
0.00689 1.10e+10 0.9326439500    0.930  0.993  3.6946  3.144    3  0.000  0.484     0.00     0.00 -1   3.4e-12      0.00 7.207e-01 2.725e-01 1.090e-03 4.519e-04 3.008e-03 -1.000 6.864e-03 2.288 2.297 2.755 1.684
0.00689 1.10e+10 0.9330162406    0.931  1.034  3.6932  3.097    3  0.000  0.481     0.00     0.00 -1  3.94e-12      0.00 7.199e-01 2.732e-01 1.083e-03 4.617e-04 3.009e-03 -1.000 6.870e-03 2.185 2.197 2.659 1.581
0.00689 1.10e+10 0.9334496260    0.931  1.087  3.6913  3.038    3  0.000  0.478     0.00     0.00 -1  4.76e-12      0.00 7.192e-01 2.739e-01 1.077e-03 4.693e-04 3.010e-03 -1.000 6.872e-03 2.053 2.071 2.537 1.451
0.00689 1.10e+10 0.9338394403    0.931  1.139  3.6894  2.978    3  0.000  0.476     0.00     0.00 -1  5.76e-12      0.00 7.187e-01 2.744e-01 1.073e-03 4.751e-04 3.010e-03 -1.000 6.869e-03 1.922 1.945 2.416 1.321
0.00689 1.10e+10 0.9341793656    0.931  1.189  3.6874  2.919    3  0.000  0.475     0.00     0.00 -1  6.91e-12      0.00 7.184e-01 2.747e-01 1.070e-03 4.786e-04 3.011e-03 -1.000 6.863e-03 1.797 1.824 2.301 1.196
0.00689 1.10e+10 0.9344840050    0.932  1.239  3.6853  2.862    3  0.000  0.474     0.00     0.00 -1  8.27e-12      0.00 7.183e-01 2.748e-01 1.069e-03 4.797e-04 3.011e-03 -1.000 6.858e-03 1.673 1.706 2.188 1.074
0.00689 1.10e+10 0.9347663522    0.932  1.289  3.6831  2.803    3  0.000  0.474     0.00     0.00 -1  9.95e-12      0.00 7.183e-01 2.748e-01 1.069e-03 4.801e-04 3.011e-03 -1.000 6.856e-03 1.547 1.586 2.074 0.949
0.00689 1.10e+10 0.9350245595    0.932  1.340  3.6809  2.743    3  0.000  0.474     0.00     0.00 -1   1.2e-11      0.00 7.183e-01 2.749e-01 1.069e-03 4.803e-04 3.011e-03 -1.000 6.856e-03 1.421 1.466 1.960 0.825
0.00689 1.10e+10 0.9352449179    0.932  1.387  3.6787  2.688    3  0.000  0.474     0.00     0.00 -1  1.42e-11      0.00 7.183e-01 2.749e-01 1.069e-03 4.805e-04 3.011e-03 -1.000 6.856e-03 1.304 1.356 1.856 0.710
0.00689 1.10e+10 0.9354547858    0.932  1.435  3.6763  2.630    3  0.000  0.474     0.00     0.00 -1   1.7e-11      0.00 7.183e-01 2.749e-01 1.069e-03 4.807e-04 3.011e-03 -1.000 6.856e-03 1.182 1.242 1.748 0.592
0.00689 1.10e+10 0.9356437325    0.932  1.482  3.6740  2.573    3  0.000  0.474     0.00     0.00 -1  2.02e-11      0.00 7.183e-01 2.749e-01 1.069e-03 4.809e-04 3.011e-03 -1.000 6.856e-03 1.065 1.133 1.645 0.477
0.00689 1.10e+10 0.9358197451    0.932  1.528  3.6716  2.517    3  0.000  0.474     0.00     0.00 -1   2.4e-11      0.00 7.183e-01 2.749e-01 1.068e-03 4.810e-04 3.011e-03 -1.000 6.856e-03 0.949 1.025 1.543 0.364
0.00689 1.10e+10 0.9359870553    0.932  1.573  3.6692  2.464    3  0.000  0.474     0.00     0.00 -1  2.82e-11      0.00 7.182e-01 2.749e-01 1.068e-03 4.812e-04 3.011e-03 -1.000 6.856e-03 0.838 0.921 1.445 0.255
0.00689 1.10e+10 0.9361897111    0.932  1.618  3.6669  2.410    3  0.000  0.474     0.00     0.00 -1  3.34e-11      0.00 7.182e-01 2.749e-01 1.068e-03 4.813e-04 3.011e-03 -1.000 6.856e-03 0.726 0.817 1.348 0.146
0.00689 1.10e+10 0.9362627268    0.932  1.626  3.6665  2.400    3  0.000  0.474     0.00     0.00 -1  3.46e-11      0.00 7.182e-01 2.749e-01 1.068e-03 4.814e-04 3.011e-03 -1.000 6.856e-03 0.706 0.798 1.330 0.126
0.00689 1.10e+10 0.9364190698    0.932  1.592  3.6690  2.444    3  0.000  0.474     0.00     0.00 -1  3.07e-11      0.00 7.182e-01 2.749e-01 1.068e-03 4.815e-04 3.011e-03 -1.000 6.856e-03 0.791 0.874 1.400 0.208
0.00689 1.10e+10 0.9364863634    0.932  1.570  3.6704  2.471    3  0.000  0.474     0.00     0.00 -1  2.84e-11      0.00 7.182e-01 2.749e-01 1.068e-03 4.816e-04 3.011e-03 -1.000 6.856e-03 0.844 0.923 1.444 0.259
0.00689 1.10e+10 0.9365369081    0.932  1.588  3.6695  2.449    3  0.000  0.474     0.00     0.00 -1     3e-11      0.00 7.182e-01 2.749e-01 1.068e-03 4.816e-04 3.011e-03 -1.000 6.856e-03 0.799 0.881 1.405 0.216
0.00689 1.10e+10 0.9366676211    0.932  1.635  3.6668  2.392    3  0.000  0.474     0.00     0.00 -1  3.54e-11      0.00 7.182e-01 2.749e-01 1.068e-03 4.818e-04 3.011e-03 -1.000 6.856e-03 0.683 0.774 1.306 0.103
0.00689 1.10e+10 0.9367929697    0.932  1.681  3.6642  2.335    3  0.000  0.474     0.00     0.00 -1  4.21e-11      0.00 7.182e-01 2.749e-01 1.068e-03 4.819e-04 3.011e-03 -1.000 6.856e-03 0.567 0.668 1.207 -0.009
0.00689 1.10e+10 0.9369064569    0.932  1.726  3.6615  2.279    3  0.000  0.473     0.00     0.00 -1  4.97e-11      0.00 7.182e-01 2.749e-01 1.068e-03 4.820e-04 3.011e-03 -1.000 6.856e-03 0.455 0.565 1.112 -0.118
0.00689 1.10e+10 0.9370151758    0.932  1.772  3.6588  2.222    3  0.000  0.473     0.00     0.00 -1  5.91e-11      0.00 7.182e-01 2.750e-01 1.068e-03 4.821e-04 3.012e-03 -1.000 6.856e-03 0.339 0.459 1.014 -0.229
0.00689 1.10e+10 0.9371109605    0.931  1.817  3.6561  2.167    3  0.000  0.473     0.00     0.00 -1  6.98e-11      0.00 7.182e-01 2.750e-01 1.068e-03 4.821e-04 3.012e-03 -1.000 6.856e-03 0.228 0.359 0.921 -0.336
0.00689 1.10e+10 0.9372016788    0.931  1.862  3.6533  2.110    3  0.000  0.473     0.00     0.00 -1  8.27e-11      0.00 7.182e-01 2.750e-01 1.068e-03 4.822e-04 3.012e-03 -1.000 6.856e-03 0.115 0.256 0.827 -0.445
0.00689 1.10e+10 0.9372822046    0.931  1.906  3.6505  2.055    3  0.000  0.473     0.00     0.00 -1  9.74e-11      0.00 7.182e-01 2.750e-01 1.067e-03 4.823e-04 3.012e-03 -1.000 6.856e-03 0.006 0.160 0.740 -0.548
0.00689 1.10e+10 0.9373574853    0.931  1.950  3.6477  2.000    3  0.000  0.473     0.00     0.00 -1  1.15e-10      0.00 7.182e-01 2.750e-01 1.067e-03 4.824e-04 3.012e-03 -1.000 6.856e-03 -0.104 0.063 0.652 -0.651
0.00689 1.10e+10 0.9374274015    0.931  1.993  3.6448  1.944    3  0.000  0.473     0.00     0.00 -1  1.35e-10      0.00 7.182e-01 2.750e-01 1.067e-03 4.824e-04 3.012e-03 -1.000 6.856e-03 -0.214 -0.034 0.565 -0.755
0.00689 1.10e+10 0.9374909997    0.930  2.037  3.6420  1.889    3  0.000  0.473     0.00     0.00 -1   1.6e-10      0.00 7.182e-01 2.750e-01 1.067e-03 4.825e-04 3.012e-03 -1.000 6.856e-03 -0.322 -0.129 0.479 -0.858
0.00689 1.10e+10 0.9375497103    0.930  2.081  3.6390  1.834    3  0.000  0.473     0.00     0.00 -1  1.88e-10      0.00 7.182e-01 2.750e-01 1.067e-03 4.825e-04 3.012e-03 -1.000 6.856e-03 -0.431 -0.224 0.395 -0.960
0.00689 1.10e+10 0.9376018643    0.929  2.122  3.6361  1.780    3  0.000  0.473     0.00     0.00 -1   2.2e-10      0.00 7.182e-01 2.750e-01 1.067e-03 4.826e-04 3.012e-03 -1.000 6.856e-03 -0.536 -0.314 0.316 -1.057
0.00689 1.10e+10 0.9376509786    0.929  2.165  3.6332  1.726    3  0.000  0.473     0.00     0.00 -1  2.59e-10      0.00 7.182e-01 2.750e-01 1.067e-03 4.826e-04 3.012e-03 -1.000 6.856e-03 -0.643 -0.406 0.236 -1.156
0.00689 1.10e+10 0.9376953840    0.928  2.207  3.6303  1.672    3  0.000  0.473     0.00     0.00 -1  3.03e-10      0.00 7.182e-01 2.750e-01 1.067e-03 4.827e-04 3.012e-03 -1.000 6.856e-03 -0.747 -0.495 0.158 -1.253
0.00689 1.10e+10 0.9377371669    0.928  2.249  3.6273  1.618    3  0.000  0.473     0.00     0.00 -1  3.56e-10      0.00 7.182e-01 2.750e-01 1.067e-03 4.827e-04 3.012e-03 -1.000 6.856e-03 -0.852 -0.585 0.079 -1.351
0.00689 1.10e+10 0.9377756119    0.927  2.291  3.6243  1.564    3  0.000  0.473     0.00     0.00 -1  4.17e-10      0.00 7.182e-01 2.750e-01 1.067e-03 4.827e-04 3.012e-03 -1.000 6.856e-03 -0.957 -0.672 0.004 -1.446
0.00689 1.10e+10 0.9378103614    0.927  2.331  3.6214  1.511    3  0.000  0.473     0.00     0.00 -1  4.87e-10      0.00 7.182e-01 2.750e-01 1.067e-03 4.828e-04 3.012e-03 -1.000 6.856e-03 -1.058 -0.757 -0.068 -1.539
0.00689 1.10e+10 0.9378434420    0.926  2.373  3.6183  1.457    3  0.000  0.473     0.00     0.00 -1  5.71e-10      0.00 7.181e-01 2.750e-01 1.067e-03 4.828e-04 3.012e-03 -1.000 6.856e-03 -1.163 -0.843 -0.141 -1.634
0.00689 1.10e+10 0.9378728867    0.925  2.413  3.6153  1.405    3  0.000  0.473     0.00     0.00 -1  6.65e-10      0.00 7.181e-01 2.750e-01 1.067e-03 4.828e-04 3.012e-03 -1.000 6.856e-03 -1.263 -0.925 -0.210 -1.725
0.00689 1.10e+10 0.9379006624    0.925  2.454  3.6123  1.351    3  0.000  0.473     0.00     0.00 -1  7.77e-10      0.00 7.181e-01 2.750e-01 1.067e-03 4.828e-04 3.012e-03 -1.000 6.856e-03 -1.364 -1.009 -0.280 -1.817
0.00689 1.10e+10 0.9379263520    0.924  2.494  3.6092  1.298    3  0.000  0.473     0.00     0.00 -1  9.07e-10      0.00 7.181e-01 2.750e-01 1.067e-03 4.829e-04 3.012e-03 -1.000 6.856e-03 -1.466 -1.090 -0.346 -1.907
0.00689 1.10e+10 0.9379495382    0.923  2.534  3.6062  1.246    3  0.000  0.473     0.00     0.00 -1  1.05e-09      0.00 7.181e-01 2.750e-01 1.067e-03 4.829e-04 3.012e-03 -1.000 6.856e-03 -1.564 -1.168 -0.408 -1.993
0.00689 1.10e+10 0.9379714131    0.922  2.573  3.6032  1.194    3  0.000  0.473     0.00     0.00 -1  1.23e-09      0.00 7.181e-01 2.750e-01 1.067e-03 4.829e-04 3.012e-03 -1.000 6.856e-03 -1.663 -1.246 -0.472 -2.081
0.00689 1.10e+10 0.9379914403    0.921  2.612  3.6001  1.142    3  0.000  0.473     0.00     0.00 -1  1.43e-09      0.00 7.181e-01 2.750e-01 1.067e-03 4.829e-04 3.012e-03 -1.000 6.856e-03 -1.760 -1.322 -0.532 -2.166
0.00689 1.10e+10 0.9380096793    0.919  2.650  3.5970  1.092    3  0.000  0.473     0.00     0.00 -1  1.65e-09      0.00 7.181e-01 2.750e-01 1.067e-03 4.829e-04 3.012e-03 -1.000 6.856e-03 -1.855 -1.395 -0.589 -2.248
0.00689 1.10e+10 0.9380275607    0.918  2.689  3.5939  1.039    3  0.000  0.473     0.00     0.00 -1  1.92e-09      0.00 7.181e-01 2.750e-01 1.067e-03 4.830e-04 3.012e-03 -1.000 6.856e-03 -1.954 -1.470 -0.646 -2.333
0.00689 1.10e+10 0.9380472302    0.916  2.736  3.5900  0.976    3  0.000  0.473     0.00     0.00 -1   2.3e-09      0.00 7.181e-01 2.750e-01 1.067e-03 4.830e-04 3.012e-03 -1.000 6.856e-03 -2.070 -1.556 -0.708 -2.432
0.00689 1.10e+10 0.9380649924    0.915  2.781  3.5861  0.914    3  0.000  0.473     0.00     0.00 -1  2.74e-09      0.00 7.181e-01 2.750e-01 1.067e-03 4.830e-04 3.012e-03 -1.000 6.856e-03 -2.183 -1.639 -0.767 -2.527
0.00689 1.10e+10 0.9380786419    0.913  2.818  3.5830  0.864    3  0.000  0.473     0.00     0.00 -1  3.17e-09      0.00 7.181e-01 2.750e-01 1.067e-03 4.830e-04 3.012e-03 -1.000 6.856e-03 -2.276 -1.705 -0.813 -2.605
0.00689 1.10e+10 0.9380915761    0.911  2.856  3.5798  0.813    3  0.000  0.473     0.00     0.00 -1  3.67e-09      0.00 7.181e-01 2.750e-01 1.067e-03 4.830e-04 3.012e-03 -1.000 6.856e-03 -2.369 -1.768 -0.850 -2.680
0.00689 1.10e+10 0.9381055236    0.909  2.899  3.5758  0.753    3  0.000  0.473     0.00     0.00 -1  4.34e-09      0.00 7.181e-01 2.750e-01 1.067e-03 4.830e-04 3.012e-03 -1.000 6.856e-03 -2.477 -1.838 -0.890 -2.766
0.00689 1.10e+10 0.9381186366    0.906  2.942  3.5719  0.693    3  0.000  0.473     0.00     0.00 -1  5.15e-09      0.00 7.181e-01 2.750e-01 1.067e-03 4.830e-04 3.012e-03 -1.000 6.856e-03 -2.585 -1.909 -0.930 -2.852
0.00689 1.10e+10 0.9381307960    0.903  2.985  3.5679  0.633    3  0.000  0.473     0.00     0.00 -1   6.1e-09      0.00 7.181e-01 2.750e-01 1.067e-03 4.830e-04 3.012e-03 -1.000 6.856e-03 -2.692 -1.974 -0.957 -2.933
0.00689 1.10e+10 0.9381420612    0.900  3.027  3.5639  0.573    3  0.000  0.473     0.00     0.00 -1   7.2e-09      0.00 7.181e-01 2.750e-01 1.067e-03 4.831e-04 3.012e-03 -1.000 6.856e-03 -2.797 -2.032 -0.970 -3.009
0.00689 1.10e+10 0.9381523728    0.897  3.068  3.5598  0.514    3  0.000  0.473     0.00     0.00 -1  8.48e-09      0.00 7.181e-01 2.750e-01 1.067e-03 4.831e-04 3.012e-03 -1.000 6.856e-03 -2.899 -2.086 -0.981 -3.083
0.00689 1.10e+10 0.9381618500    0.893  3.107  3.5557  0.456    3  0.000  0.473     0.00     0.00 -1  9.97e-09      0.00 7.181e-01 2.750e-01 1.067e-03 4.831e-04 3.012e-03 -1.000 6.856e-03 -2.999 -2.137 -0.984 -3.153
0.00689 1.10e+10 0.9381707907    0.889  3.147  3.5516  0.399    3  0.000  0.473     0.00     0.00 -1  1.17e-08      0.00 7.181e-01 2.750e-01 1.067e-03 4.831e-04 3.012e-03 -1.000 6.856e-03 -3.098 -2.175 -0.950 -3.214
0.00689 1.10e+10 0.9381790757    0.885  3.186  3.5475  0.341    3  0.000  0.473     0.00     0.00 -1  1.37e-08      0.00 7.181e-01 2.750e-01 1.067e-03 4.831e-04 3.012e-03 -1.000 6.856e-03 -3.194 -2.208 -0.910 -3.272
0.00689 1.10e+10 0.9381866455    0.880  3.223  3.5433  0.284    3  0.000  0.473     0.00     0.00 -1   1.6e-08      0.00 7.181e-01 2.750e-01 1.067e-03 4.831e-04 3.012e-03 -1.000 6.856e-03 -3.289 -2.240 -0.868 -3.326
0.00689 1.10e+10 0.9381937385    0.875  3.260  3.5392  0.229    3  0.000  0.473     0.00     0.00 -1  1.86e-08      0.00 7.181e-01 2.750e-01 1.067e-03 4.831e-04 3.012e-03 -1.000 6.856e-03 -3.380 -2.260 -0.797 -3.371
0.00689 1.10e+10 0.9382003546    0.870  3.296  3.5351  0.174    3  0.000  0.473     0.00     0.00 -1  2.16e-08      0.00 7.181e-01 2.750e-01 1.067e-03 4.831e-04 3.012e-03 -1.000 6.856e-03 -3.470 -2.275 -0.712 -3.409
0.00689 1.10e+10 0.9382068515    0.863  3.333  3.5310  0.117    3  0.000  0.473     0.00     0.00 -1  2.52e-08      0.00 7.181e-01 2.750e-01 1.067e-03 4.831e-04 3.012e-03 -1.000 6.856e-03 -3.562 -2.289 -0.622 -3.448
0.00689 1.10e+10 0.9382128716    0.856  3.367  3.5270  0.064    3  0.000  0.473     0.00     0.00 -1  2.91e-08      0.00 7.181e-01 2.750e-01 1.067e-03 4.831e-04 3.012e-03 -1.000 6.856e-03 -3.646 -2.295 -0.521 -3.477
0.00689 1.10e+10 0.9382166266    0.852  3.387  3.5246  0.032    3  0.000  0.473     0.00     0.00 -1  3.18e-08      0.00 7.181e-01 2.750e-01 1.067e-03 4.831e-04 3.012e-03 -1.000 6.856e-03 -3.698 -2.292 -0.443 -3.488
0.00689 1.10e+10 0.9382166266    0.852  1.701  3.6897  2.378    4  0.000  0.489     0.00     0.00 -1         0      0.00 7.206e-01 2.726e-01 1.100e-03 4.395e-04 3.003e-03 -1.000 6.813e-03 0.518 0.535 1.010 -0.089
0.00689 1.10e+10 0.9382886291    0.852  1.711  3.6889  2.365    4  0.000  0.489     0.00     0.00 -1         0      0.00 7.206e-01 2.726e-01 1.100e-03 4.395e-04 3.003e-03 -1.000 6.813e-03 0.492 0.512 0.988 -0.115
0.00689 1.10e+10 0.9383577704    0.852  1.715  3.6887  2.360    4  0.000  0.489     0.00     0.00 -1         0      0.00 7.206e-01 2.726e-01 1.100e-03 4.395e-04 3.003e-03 -1.000 6.813e-03 0.483 0.503 0.980 -0.123
0.00689 1.10e+10 0.9384269118    0.852  1.716  3.6889  2.360    4  0.000  0.489     0.00     0.00 -1         0      0.00 7.206e-01 2.726e-01 1.100e-03 4.395e-04 3.003e-03 -1.000 6.813e-03 0.481 0.501 0.977 -0.126
0.00689 1.10e+10 0.9384992719    0.852  1.715  3.6893  2.363    4  0.000  0.489     0.00     0.00 -1         0      0.00 7.206e-01 2.726e-01 1.100e-03 4.395e-04 3.003e-03 -1.000 6.813e-03 0.483 0.502 0.977 -0.124
0.00689 1.10e+10 0.9385700226    0.852  1.713  3.6898  2.367    4  0.000  0.489     0.00     0.00 -1         0      0.00 7.206e-01 2.726e-01 1.100e-03 4.395e-04 3.003e-03 -1.000 6.813e-03 0.488 0.505 0.979 -0.119
0.00689 1.10e+10 0.9386411309    0.852  1.710  3.6904  2.372    4  0.000  0.489     0.00     0.00 -1         0      0.00 7.206e-01 2.726e-01 1.100e-03 4.395e-04 3.003e-03 -1.000 6.813e-03 0.494 0.510 0.982 -0.114
0.00689 1.10e+10 0.9387128353    0.852  1.708  3.6910  2.376    4  0.000  0.489     0.00     0.00 -1         0      0.00 7.206e-01 2.726e-01 1.100e-03 4.395e-04 3.003e-03 -1.000 6.813e-03 0.500 0.514 0.985 -0.108
0.00689 1.10e+10 0.9387837052    0.852  1.706  3.6915  2.381    4  0.000  0.489     0.00     0.00 -1         0      0.00 7.206e-01 2.726e-01 1.100e-03 4.395e-04 3.003e-03 -1.000 6.813e-03 0.506 0.518 0.988 -0.102
0.00689 1.10e+10 0.9388569593    0.853  1.704  3.6920  2.385    4  0.000  0.489     0.00     0.00 -1         0      0.00 7.206e-01 2.726e-01 1.100e-03 4.396e-04 3.003e-03 -1.000 6.813e-03 0.511 0.522 0.990 -0.098
0.00689 1.10e+10 0.9389238358    0.853  1.702  3.6925  2.389    4  0.000  0.489     0.00     0.00 -1         0      0.00 7.206e-01 2.726e-01 1.100e-03 4.396e-04 3.003e-03 -1.000 6.813e-03 0.515 0.525 0.992 -0.094
0.00689 1.10e+10 0.9389914274    0.853  1.701  3.6929  2.392    4  0.000  0.489     0.00     0.00 -1         0      0.00 7.206e-01 2.726e-01 1.100e-03 4.396e-04 3.003e-03 -1.000 6.813e-03 0.518 0.527 0.993 -0.091
0.00689 1.10e+10 0.9390599132    0.853  1.699  3.6933  2.395    4  0.000  0.489     0.00     0.00 -1         0      0.00 7.206e-01 2.726e-01 1.100e-03 4.396e-04 3.003e-03 -1.000 6.813e-03 0.521 0.529 0.994 -0.088
0.00689 1.10e+10 0.9391307831    0.853  1.698  3.6937  2.397    4  0.000  0.489     0.00     0.00 -1         0      0.00 7.206e-01 2.726e-01 1.100e-03 4.396e-04 3.003e-03 -1.000 6.813e-03 0.524 0.531 0.995 -0.085
0.00689 1.10e+10 0.9392018318    0.853  1.697  3.6940  2.399    4  0.000  0.489     0.00     0.00 -1         0      0.00 7.206e-01 2.726e-01 1.100e-03 4.396e-04 3.003e-03 -1.000 6.813e-03 0.526 0.532 0.995 -0.083
0.00689 1.10e+10 0.9392746091    0.853  1.697  3.6943  2.401    4  0.000  0.489     0.00     0.00 -1         0      0.00 7.206e-01 2.726e-01 1.100e-03 4.396e-04 3.003e-03 -1.000 6.813e-03 0.528 0.533 0.995 -0.082
0.00689 1.10e+10 0.9393426776    0.853  1.696  3.6945  2.403    4  0.000  0.489     0.00     0.00 -1         0      0.00 7.206e-01 2.726e-01 1.100e-03 4.396e-04 3.003e-03 -1.000 6.813e-03 0.529 0.533 0.995 -0.081
0.00689 1.10e+10 0.9394122362    0.853  1.696  3.6947  2.403    4  0.000  0.489     0.00     0.00 -1         0      0.00 7.206e-01 2.726e-01 1.100e-03 4.396e-04 3.003e-03 -1.000 6.813e-03 0.529 0.533 0.995 -0.081
0.00689 1.10e+10 0.9394832850    0.853  1.697  3.6948  2.404    4  0.000  0.489     0.00     0.00 -1         0      0.00 7.206e-01 2.726e-01 1.100e-03 4.397e-04 3.003e-03 -1.000 6.813e-03 0.529 0.532 0.994 -0.082
0.00689 1.10e+10 0.9395569563    0.853  1.697  3.6949  2.403    4  0.000  0.489     0.00     0.00 -1         0      0.00 7.206e-01 2.726e-01 1.100e-03 4.397e-04 3.003e-03 -1.000 6.813e-03 0.527 0.531 0.992 -0.083
0.00689 1.10e+10 0.9396288395    0.853  1.698  3.6948  2.403    4  0.000  0.489     0.00     0.00 -1         0      0.00 7.206e-01 2.726e-01 1.099e-03 4.397e-04 3.003e-03 -1.000 6.813e-03 0.525 0.529 0.990 -0.085
0.00689 1.10e+10 0.9397016764    0.853  1.699  3.6948  2.401    4  0.000  0.489     0.00     0.00 -1         0      0.00 7.206e-01 2.726e-01 1.099e-03 4.397e-04 3.003e-03 -1.000 6.813e-03 0.521 0.525 0.987 -0.089
0.00689 1.10e+10 0.9397155643    0.854  1.700  3.6947  2.400    4  0.000  0.489     0.00     0.00 -1         0      0.00 7.206e-01 2.726e-01 1.099e-03 4.397e-04 3.003e-03 -1.000 6.813e-03 0.521 0.525 0.986 -0.090
0.00689 1.10e+10 0.9397310615    0.854  1.700  3.6947  2.400    4  0.000  0.489     0.00     0.00 -1         0      0.00 7.206e-01 2.726e-01 1.099e-03 4.397e-04 3.003e-03 -1.000 6.813e-03 0.520 0.524 0.985 -0.091
0.00689 1.10e+10 0.9397986531    0.854  1.702  3.6945  2.397    4  0.000  0.489     0.00     0.00 -1         0      0.00 7.206e-01 2.726e-01 1.099e-03 4.397e-04 3.003e-03 -1.000 6.813e-03 0.515 0.519 0.981 -0.096
0.00689 1.10e+10 0.9398688078    0.854  1.705  3.6942  2.393    4  0.000  0.489     0.00     0.00 -1         0      0.00 7.206e-01 2.726e-01 1.099e-03 4.397e-04 3.003e-03 -1.000 6.813e-03 0.508 0.513 0.976 -0.102
0.00689 1.10e+10 0.9399356842    0.854  1.708  3.6939  2.389    4  0.000  0.489     0.00     0.00 -1         0      0.00 7.206e-01 2.726e-01 1.099e-03 4.397e-04 3.003e-03 -1.000 6.813e-03 0.500 0.506 0.970 -0.110
0.00689 1.10e+10 0.9400033951    0.854  1.712  3.6934  2.383    4  0.000  0.489     0.00     0.00 -1         0      0.00 7.206e-01 2.726e-01 1.099e-03 4.397e-04 3.003e-03 -1.000 6.813e-03 0.490 0.498 0.962 -0.119
0.00689 1.10e+10 0.9400708675    0.854  1.716  3.6930  2.378    4  0.000  0.489     0.00     0.00 -1         0      0.00 7.206e-01 2.726e-01 1.099e-03 4.397e-04 3.003e-03 -1.000 6.814e-03 0.481 0.489 0.955 -0.129
0.00689 1.10e+10 0.9401378632    0.854  1.721  3.6924  2.370    4  0.000  0.489     0.00     0.00 -1         0      0.00 7.206e-01 2.726e-01 1.099e-03 4.398e-04 3.003e-03 -1.000 6.813e-03 0.467 0.477 0.945 -0.142
0.00689 1.10e+10 0.9402046204    0.854  1.727  3.6916  2.361    4  0.000  0.488     0.00     0.00 -1         0      0.00 7.206e-01 2.726e-01 1.099e-03 4.398e-04 3.003e-03 -1.000 6.813e-03 0.452 0.464 0.933 -0.157
0.00689 1.10e+10 0.9402724504    0.854  1.735  3.6908  2.350    4  0.000  0.488     0.00     0.00 -1         0      0.00 7.206e-01 2.726e-01 1.099e-03 4.398e-04 3.003e-03 -1.000 6.813e-03 0.433 0.447 0.919 -0.175
0.00689 1.10e+10 0.9403408766    0.854  1.742  3.6901  2.340    4  0.000  0.488     0.00     0.00 -1         0      0.00 7.206e-01 2.726e-01 1.099e-03 4.398e-04 3.003e-03 -1.000 6.813e-03 0.416 0.432 0.906 -0.191
0.00689 1.10e+10 0.9404080510    0.854  1.748  3.6894  2.331    4  0.000  0.488     0.00     0.00 -1         0      0.00 7.206e-01 2.726e-01 1.099e-03 4.398e-04 3.003e-03 -1.000 6.813e-03 0.400 0.418 0.894 -0.207
0.00689 1.10e+10 0.9404774904    0.854  1.769  3.6871  2.301    4  0.000  0.488     0.00     0.00 -1         0      0.00 7.206e-01 2.726e-01 1.099e-03 4.398e-04 3.003e-03 -1.000 6.813e-03 0.348 0.372 0.853 -0.258
0.00689 1.10e+10 0.9405453205    0.854  1.807  3.6830  2.247    4  0.000  0.488     0.00     0.00 -1         0      0.00 7.206e-01 2.726e-01 1.099e-03 4.398e-04 3.003e-03 -1.000 6.813e-03 0.252 0.288 0.780 -0.351
0.00689 1.10e+10 0.9405775666    0.854  1.844  3.6792  2.194    4  0.000  0.488     0.00     0.00 -1         0      0.00 7.206e-01 2.726e-01 1.099e-03 4.398e-04 3.003e-03 -1.000 6.813e-03 0.160 0.207 0.709 -0.440
0.00689 1.10e+10 0.9405936599    0.854  1.880  3.6754  2.143    4  0.000  0.488     0.00     0.00 -1         0      0.00 7.206e-01 2.726e-01 1.099e-03 4.398e-04 3.003e-03 -1.000 6.813e-03 0.069 0.128 0.641 -0.527
0.00689 1.10e+10 0.9406017065    0.855  1.916  3.6718  2.094    4  0.000  0.488     0.00     0.00 -1         0      0.00 7.206e-01 2.726e-01 1.099e-03 4.398e-04 3.003e-03 -1.000 6.813e-03 -0.019 0.052 0.574 -0.611
0.00689 1.10e+10 0.9406061769    0.855  1.954  3.6680  2.040    4  0.000  0.488     0.00     0.00 -1         0      0.00 7.206e-01 2.726e-01 1.099e-03 4.398e-04 3.003e-03 -1.000 6.813e-03 -0.115 -0.031 0.501 -0.702
0.00689 1.10e+10 0.9406084418    0.855  1.988  3.6647  1.993    4  0.000  0.488     0.00     0.00 -1         0      0.00 7.206e-01 2.726e-01 1.099e-03 4.398e-04 3.003e-03 -1.000 6.813e-03 -0.200 -0.104 0.437 -0.782
0.00689 1.10e+10 0.9406099319    0.855  2.023  3.6613  1.944    4  0.000  0.488     0.00     0.00 -1         0      0.00 7.206e-01 2.726e-01 1.099e-03 4.398e-04 3.003e-03 -1.000 6.813e-03 -0.287 -0.179 0.373 -0.864
0.00689 1.10e+10 0.9406106472    0.855  2.045  3.6592  1.914    4  0.000  0.488     0.00     0.00 -1         0      0.00 7.206e-01 2.726e-01 1.099e-03 4.398e-04 3.003e-03 -1.000 6.813e-03 -0.342 -0.225 0.332 -0.915
0.00689 1.10e+10 0.9406107068    0.855  2.045  3.6592  1.913    7  0.000  0.488     0.00     0.00 -1         0      0.00 7.206e-01 2.726e-01 1.099e-03 4.398e-04 3.003e-03 -1.000 6.813e-03 -0.343 -0.227 0.331 -0.917
0.00689 1.10e+10 0.9406113029    0.855  2.067  3.6571  1.883    7  0.000  0.488     0.00     0.00 -1         0      0.00 7.206e-01 2.726e-01 1.099e-03 4.398e-04 3.003e-03 -1.000 6.813e-03 -0.398 -0.273 0.290 -0.968
0.00689 1.10e+10 0.9406126142    0.855  2.113  3.6528  1.820    7  0.000  0.488     0.00     0.00 -1         0      0.00 7.206e-01 2.726e-01 1.099e-03 4.398e-04 3.003e-03 -1.000 6.813e-03 -0.513 -0.372 0.205 -1.076
0.00689 1.10e+10 0.9406138659    0.855  2.155  3.6491  1.763    7  0.000  0.488     0.00     0.00 -1         0      0.00 7.206e-01 2.726e-01 1.099e-03 4.398e-04 3.003e-03 -1.000 6.813e-03 -0.617 -0.458 0.131 -1.171
0.00689 1.10e+10 0.9406167269    0.855  2.177  3.6472  1.734    7  0.000  0.488     0.00     0.00 -1         0      0.00 7.206e-01 2.726e-01 1.099e-03 4.398e-04 3.003e-03 -1.000 6.813e-03 -0.672 -0.505 0.091 -1.223
0.00689 1.10e+10 0.9406203032    0.855  2.142  3.6504  1.782    7  0.000  0.488     0.00     0.00 -1         0      0.00 7.206e-01 2.726e-01 1.099e-03 4.398e-04 3.003e-03 -1.000 6.813e-03 -0.584 -0.432 0.153 -1.142
0.00689 1.10e+10 0.9406517148    0.855  2.119  3.6523  1.812    7  0.000  0.488     0.00     0.00 -1         0      0.00 7.206e-01 2.726e-01 1.099e-03 4.398e-04 3.003e-03 -1.000 6.813e-03 -0.529 -0.385 0.193 -1.091
0.00689 1.10e+10 0.9406853318    0.855  2.149  3.6495  1.770    7  0.000  0.488     0.00     0.00 -1         0      0.00 7.206e-01 2.726e-01 1.099e-03 4.398e-04 3.003e-03 -1.000 6.813e-03 -0.603 -0.447 0.141 -1.159
0.00689 1.10e+10 0.9407094717    0.855  2.190  3.6457  1.715    7  0.000  0.488     0.00     0.00 -1         0      0.00 7.206e-01 2.726e-01 1.099e-03 4.398e-04 3.003e-03 -1.000 6.813e-03 -0.704 -0.530 0.070 -1.252
0.00689 1.10e+10 0.9407268167    0.855  2.223  3.6427  1.670    7  0.000  0.488     0.00     0.00 -1         0      0.00 7.206e-01 2.726e-01 1.099e-03 4.398e-04 3.003e-03 -1.000 6.813e-03 -0.787 -0.598 0.013 -1.327
0.00689 1.10e+10 0.9407473803    0.855  2.261  3.6392  1.618    7  0.000  0.488     0.00     0.00 -1         0      0.00 7.206e-01 2.726e-01 1.099e-03 4.398e-04 3.003e-03 -1.000 6.813e-03 -0.881 -0.677 -0.054 -1.414
0.00689 1.10e+10 0.9407664537    0.855  2.300  3.6357  1.565    7  0.000  0.488     0.00     0.00 -1         0      0.00 7.206e-01 2.726e-01 1.099e-03 4.398e-04 3.003e-03 -1.000 6.813e-03 -0.980 -0.757 -0.120 -1.503
0.00689 1.10e+10 0.9407836199    0.855  2.340  3.6321  1.510    7  0.000  0.488     0.00     0.00 -1         0      0.00 7.206e-01 2.726e-01 1.099e-03 4.399e-04 3.003e-03 -1.000 6.813e-03 -1.079 -0.837 -0.188 -1.593
0.00689 1.10e+10 0.9407991767    0.855  2.380  3.6285  1.455    7  0.000  0.488     0.00     0.00 -1         0      0.00 7.206e-01 2.726e-01 1.099e-03 4.399e-04 3.003e-03 -1.000 6.813e-03 -1.180 -0.919 -0.256 -1.685
0.00689 1.10e+10 0.9408131242    0.855  2.421  3.6248  1.400    7  0.000  0.488     0.00     0.00 -1         0      0.00 7.206e-01 2.726e-01 1.099e-03 4.399e-04 3.003e-03 -1.000 6.813e-03 -1.282 -1.001 -0.323 -1.777
0.00689 1.10e+10 0.9408256412    0.855  2.462  3.6212  1.345    7  0.000  0.488     0.00     0.00 -1         0      0.00 7.206e-01 2.726e-01 1.099e-03 4.400e-04 3.003e-03 -1.000 6.813e-03 -1.385 -1.082 -0.387 -1.867
0.00689 1.10e+10 0.9408370256    0.855  2.503  3.6175  1.289    7  0.000  0.488     0.00     0.00 -1         0      0.00 7.206e-01 2.726e-01 1.099e-03 4.401e-04 3.003e-03 -1.000 6.813e-03 -1.487 -1.162 -0.451 -1.958
0.00689 1.10e+10 0.9408473372    0.855  2.543  3.6139  1.234    7  0.000  0.488     0.00     0.00 -1         0      0.00 7.206e-01 2.726e-01 1.098e-03 4.408e-04 3.003e-03 -1.000 6.813e-03 -1.587 -1.241 -0.514 -2.047
0.00689 1.10e+10 0.9408571124    0.855  2.584  3.6102  1.179    7  0.000  0.486     0.00     0.00 -1         0      0.00 7.206e-01 2.726e-01 1.095e-03 4.431e-04 3.003e-03 -1.000 6.813e-03 -1.689 -1.319 -0.575 -2.135
0.00689 1.10e+10 0.9408662319    0.855  2.624  3.6066  1.124    7  0.000  0.484     0.00     0.00 -1         0      0.00 7.206e-01 2.726e-01 1.090e-03 4.482e-04 3.003e-03 -1.000 6.813e-03 -1.789 -1.394 -0.632 -2.222
0.00689 1.10e+10 0.9408750534    0.855  2.664  3.6029  1.069    7  0.000  0.481     0.00     0.00 -1         0      0.00 7.206e-01 2.726e-01 1.083e-03 4.560e-04 3.003e-03 -1.000 6.815e-03 -1.890 -1.471 -0.690 -2.309
0.00689 1.10e+10 0.9408836961    0.855  2.705  3.5992  1.013    7  0.000  0.478     0.00     0.00 -1         0      0.00 7.206e-01 2.726e-01 1.076e-03 4.643e-04 3.003e-03 -1.000 6.834e-03 -1.993 -1.548 -0.750 -2.397
0.00689 1.10e+10 0.9408916235    0.855  2.746  3.5954  0.958    7  0.000  0.475     0.00     0.00 -1         0      0.00 7.205e-01 2.726e-01 1.070e-03 4.719e-04 3.003e-03 -1.000 6.861e-03 -2.095 -1.622 -0.802 -2.483
0.00689 1.10e+10 0.9408992529    0.855  2.789  3.5914  0.899    7  0.000  0.473     0.00     0.00 -1         0      0.00 7.205e-01 2.726e-01 1.064e-03 4.786e-04 3.003e-03 -1.000 6.862e-03 -2.202 -1.697 -0.853 -2.571
0.00689 1.10e+10 0.9409055710    0.855  2.833  3.5872  0.838    7  0.000  0.470     0.00     0.00 -1         0      0.00 7.205e-01 2.726e-01 1.059e-03 4.844e-04 3.003e-03 -1.000 6.862e-03 -2.312 -1.774 -0.903 -2.662
0.00689 1.10e+10 0.9409098625    0.855  2.875  3.5830  0.779    7  0.000  0.469     0.00     0.00 -1         0      0.00 7.205e-01 2.726e-01 1.055e-03 4.895e-04 3.003e-03 -1.000 6.862e-03 -2.419 -1.846 -0.949 -2.748
0.00689 1.10e+10 0.9409132004    0.855  2.917  3.5789  0.721    7  0.000  0.467     0.00     0.00 -1         0      0.00 7.205e-01 2.726e-01 1.052e-03 4.938e-04 3.003e-03 -1.000 6.862e-03 -2.521 -1.910 -0.981 -2.828
0.00689 1.10e+10 0.9409162998    0.855  2.959  3.5746  0.662    7  0.000  0.466     0.00     0.00 -1         0      0.00 7.205e-01 2.726e-01 1.049e-03 4.974e-04 3.003e-03 -1.000 6.862e-03 -2.627 -1.976 -1.014 -2.910
0.00689 1.10e+10 0.9409191012    0.855  3.001  3.5702  0.602    7  0.000  0.465     0.00     0.00 -1         0      0.00 7.205e-01 2.726e-01 1.047e-03 5.001e-04 3.003e-03 -1.000 6.861e-03 -2.731 -2.039 -1.043 -2.989
0.00689 1.10e+10 0.9409214258    0.855  3.038  3.5662  0.548    7  0.000  0.464     0.00     0.00 -1         0      0.00 7.205e-01 2.726e-01 1.045e-03 5.020e-04 3.003e-03 -1.000 6.862e-03 -2.826 -2.087 -1.048 -3.056
0.00689 1.10e+10 0.9409239888    0.855  3.079  3.5617  0.490    7  0.000  0.464     0.00     0.00 -1         0      0.00 7.205e-01 2.726e-01 1.045e-03 5.027e-04 3.003e-03 -1.000 6.861e-03 -2.928 -2.137 -1.049 -3.126
0.00689 1.10e+10 0.9409266710    0.855  3.118  3.5574  0.433    7  0.000  0.464     0.00     0.00 -1         0      0.00 7.205e-01 2.727e-01 1.044e-03 5.028e-04 3.003e-03 -1.000 6.862e-03 -3.025 -2.183 -1.044 -3.192
0.00689 1.10e+10 0.9409287572    0.855  3.138  3.5551  0.404    7  0.000  0.464     0.00     0.00 -1         0      0.00 7.205e-01 2.727e-01 1.044e-03 5.028e-04 3.003e-03 -1.000 6.862e-03 -3.076 -2.203 -1.032 -3.224
0.00689 1.10e+10 0.9409288764    0.855  3.102  3.5590  0.456    7  0.000  0.464     0.00     0.00 -1         0      0.00 7.205e-01 2.727e-01 1.044e-03 5.028e-04 3.003e-03 -1.000 6.862e-03 -2.986 -2.163 -1.044 -3.164
0.00689 1.10e+10 0.9409289956    0.855  3.104  3.5588  0.453    7  0.000  0.464     0.00     0.00 -1         0      0.00 7.205e-01 2.727e-01 1.044e-03 5.028e-04 3.003e-03 -1.000 6.862e-03 -2.989 -2.164 -1.043 -3.167
0.00689 1.10e+10 0.9409291148    0.855  3.121  3.5569  0.428    7  0.000  0.464     0.00     0.00 -1         0      0.00 7.205e-01 2.727e-01 1.044e-03 5.028e-04 3.003e-03 -1.000 6.862e-03 -3.033 -2.185 -1.042 -3.197
0.00689 1.10e+10 0.9409291744    0.855  3.138  3.5550  0.403    7  0.000  0.464     0.00     0.00 -1         0      0.00 7.205e-01 2.727e-01 1.044e-03 5.028e-04 3.003e-03 -1.000 6.862e-03 -3.076 -2.202 -1.031 -3.224
0.00689 1.10e+10 0.9409292936    0.855  3.156  3.5530  0.378    7  0.000  0.464     0.00     0.00 -1         0      0.00 7.205e-01 2.727e-01 1.044e-03 5.028e-04 3.003e-03 -1.000 6.862e-03 -3.119 -2.216 -1.010 -3.248
0.00689 1.10e+10 0.9409294724    0.855  3.173  3.5510  0.353    7  0.000  0.464     0.00     0.00 -1         0      0.00 7.205e-01 2.727e-01 1.044e-03 5.028e-04 3.003e-03 -1.000 6.862e-03 -3.163 -2.228 -0.987 -3.273
0.00689 1.10e+10 0.9409296513    0.855  3.188  3.5492  0.331    7  0.000  0.463     0.00     0.00 -1         0      0.00 7.205e-01 2.727e-01 1.044e-03 5.037e-04 3.003e-03 -1.000 6.862e-03 -3.200 -2.239 -0.966 -3.293
0.00689 1.10e+10 0.9409299493    0.855  3.208  3.5468  0.301    7  0.000  0.463     0.00     0.00 -1         0      0.00 7.205e-01 2.727e-01 1.043e-03 5.047e-04 3.003e-03 -1.000 6.862e-03 -3.249 -2.251 -0.937 -3.319
0.00689 1.10e+10 0.9409302473    0.855  3.234  3.5434  0.261    7  0.000  0.463     0.00     0.00 -1         0      0.00 7.205e-01 2.727e-01 1.042e-03 5.056e-04 3.003e-03 -1.000 6.862e-03 -3.316 -2.267 -0.894 -3.354
0.00689 1.10e+10 0.9409307241    0.855  3.272  3.5385  0.203    7  0.000  0.462     0.00     0.00 -1         0      0.00 7.205e-01 2.727e-01 1.041e-03 5.065e-04 3.003e-03 -1.000 6.854e-03 -3.411 -2.278 -0.796 -3.393
0.00689 1.10e+10 0.9409313202    0.855  3.315  3.5330  0.139    7  0.000  0.462     0.00     0.00 -1         0      0.00 7.205e-01 2.727e-01 1.041e-03 5.071e-04 3.003e-03 -1.000 6.854e-03 -3.517 -2.283 -0.666 -3.430
0.00689 1.10e+10 0.9409317374    0.855  3.335  3.5269  0.095    8  0.521  0.483   138.11    67.17  0 -1.84e-07      0.00 7.205e-01 2.727e-01 1.092e-03 5.084e-04 3.011e-03 -1.000 6.800e-03 -3.567 -2.217 -0.449 -3.398
0.00689 1.10e+10 0.9409317970    0.854  3.068  3.5590  0.490    8  0.521  0.483    58.90    32.15  1 -6.06e-08      0.00 7.205e-01 2.727e-01 1.092e-03 5.084e-04 3.011e-03 -1.000 6.800e-03 -2.899 -2.077 -0.961 -3.077
0.00689 1.10e+10 0.9409318566    0.854  2.928  3.5758  0.697    8  0.521  0.483    37.70    21.86  1 -3.63e-08      0.00 7.205e-01 2.727e-01 1.092e-03 5.084e-04 3.011e-03 -1.000 6.800e-03 -2.549 -1.909 -0.957 -2.838
0.00689 1.10e+10 0.9409320354    0.852  2.768  3.5949  0.933    8  0.521  0.483    22.66    14.07  1 -2.17e-08      0.00 7.205e-01 2.727e-01 1.092e-03 5.084e-04 3.011e-03 -1.000 6.800e-03 -2.150 -1.672 -0.848 -2.535
0.00689 1.10e+10 0.9409322739    0.850  2.794  3.5917  0.893    8  0.521  0.483    24.70    15.15  1 -2.35e-08      0.00 7.205e-01 2.727e-01 1.092e-03 5.084e-04 3.011e-03 -1.000 6.800e-03 -2.215 -1.712 -0.869 -2.586
0.00689 1.10e+10 0.9409325719    0.848  2.928  3.5754  0.691    8  0.521  0.483    38.12    22.02  1 -3.67e-08      0.00 7.205e-01 2.727e-01 1.092e-03 5.084e-04 3.011e-03 -1.000 6.800e-03 -2.551 -1.907 -0.952 -2.838
0.00689 1.10e+10 0.9409329295    0.845  3.098  3.5547  0.438    8  0.522  0.483    65.90    35.30  1 -6.91e-08      0.00 7.205e-01 2.727e-01 1.092e-03 5.084e-04 3.011e-03 -1.000 6.800e-03 -2.975 -2.098 -0.925 -3.120
0.00689 1.10e+10 0.9409332871    0.842  3.238  3.5375  0.227    8  0.522  0.483   103.70    52.17  0 -1.23e-07      0.00 7.205e-01 2.727e-01 1.092e-03 5.084e-04 3.011e-03 -1.000 6.800e-03 -3.324 -2.173 -0.671 -3.293
0.00689 1.10e+10 0.9409338236    0.838  3.329  3.5260  0.088    8  0.522  0.483   139.99    67.51  0 -1.83e-07      0.00 7.205e-01 2.727e-01 1.092e-03 5.084e-04 3.011e-03 -1.000 6.800e-03 -3.552 -2.181 -0.384 -3.368
0.00689 1.10e+10 0.9409343600    0.833  3.379  3.5194  0.009    8  0.523  0.483   166.09    78.12  0 -2.31e-07      0.00 7.205e-01 2.727e-01 1.092e-03 5.084e-04 3.011e-03 -1.000 6.800e-03 -3.679 -2.159 -0.154 -3.381
0.00689 1.10e+10 0.9409349561    0.828  3.407  3.5155 -0.036    8  0.523  0.483   182.96    84.76  0 -2.63e-07      0.00 7.205e-01 2.727e-01 1.092e-03 5.084e-04 3.011e-03 -1.000 6.800e-03 -3.746 -2.139 -0.008 -3.382
0.00689 1.10e+10 0.9409356117    0.823  3.425  3.5127 -0.069    8  0.524  0.483   196.49    89.94  0 -2.89e-07      0.00 7.205e-01 2.727e-01 1.092e-03 5.084e-04 3.011e-03 -1.000 6.800e-03 -3.794 -2.119 0.111 -3.376
0.00689 1.10e+10 0.9409356713    0.823  3.215  3.5388  0.245    8  0.524  0.483    99.68    50.02  0 -1.15e-07      0.00 7.205e-01 2.727e-01 1.092e-03 5.084e-04 3.011e-03 -1.000 6.800e-03 -3.268 -2.141 -0.671 -3.253
0.00689 1.10e+10 0.9409357309    0.821  3.027  3.5621  0.526    8  0.524  0.483    54.43    29.63  1 -5.45e-08      0.00 7.205e-01 2.727e-01 1.092e-03 5.084e-04 3.011e-03 -1.000 6.800e-03 -2.798 -2.012 -0.930 -2.998
0.00689 1.10e+10 0.9409359097    0.820  2.865  3.5821  0.767    8  0.524  0.483    32.36    18.89  1 -3.09e-08      0.00 7.205e-01 2.727e-01 1.092e-03 5.084e-04 3.011e-03 -1.000 6.800e-03 -2.394 -1.813 -0.909 -2.718
0.00689 1.10e+10 0.9409361482    0.817  2.889  3.5792  0.730    8  0.524  0.483    35.03    20.20  1 -3.36e-08      0.00 7.205e-01 2.727e-01 1.092e-03 5.084e-04 3.011e-03 -1.000 6.800e-03 -2.453 -1.844 -0.918 -2.761
0.00689 1.10e+10 0.9409363866    0.814  3.018  3.5630  0.534    8  0.524  0.483    53.41    29.05  1 -5.34e-08      0.00 7.205e-01 2.727e-01 1.092e-03 5.084e-04 3.011e-03 -1.000 6.800e-03 -2.775 -2.000 -0.928 -2.983
0.00689 1.10e+10 0.9409367442    0.810  3.181  3.5426  0.288    8  0.525  0.483    90.88    45.91  1 -1.02e-07      0.00 7.205e-01 2.727e-01 1.092e-03 5.084e-04 3.011e-03 -1.000 6.800e-03 -3.182 -2.122 -0.739 -3.213
0.00689 1.10e+10 0.9409371614    0.805  3.313  3.5257  0.086    8  0.525  0.483   140.56    66.78  0 -1.81e-07      0.00 7.205e-01 2.727e-01 1.092e-03 5.084e-04 3.011e-03 -1.000 6.800e-03 -3.513 -2.137 -0.332 -3.324
0.00689 1.10e+10 0.9409376383    0.799  3.397  3.5149 -0.045    8  0.525  0.483   186.30    84.98  0 -2.66e-07      0.00 7.205e-01 2.727e-01 1.092e-03 5.084e-04 3.011e-03 -1.000 6.800e-03 -3.723 -2.100 0.055 -3.347
0.00689 1.10e+10 0.9409381747    0.793  3.441  3.5090 -0.115    8  0.526  0.483   216.79    96.58  0 -3.27e-07      0.00 7.205e-01 2.727e-01 1.092e-03 5.084e-04 3.011e-03 -1.000 6.800e-03 -3.832 -2.066 0.295 -3.339
0.00689 1.10e+10 0.9409387708    0.787  3.461  3.5061 -0.151    8  0.527  0.483   233.92   102.79  0 -3.63e-07      0.00 7.205e-01 2.727e-01 1.092e-03 5.084e-04 3.011e-03 -1.000 6.800e-03 -3.882 -2.042 0.425 -3.327
0.00689 1.10e+10 0.9409394264    0.779  3.472  3.5042 -0.173    8  0.527  0.483   245.71   106.83  0 -3.88e-07      0.00 7.205e-01 2.727e-01 1.092e-03 5.084e-04 3.011e-03 -1.000 6.800e-03 -3.910 -2.022 0.513 -3.315
0.00689 1.10e+10 0.9409394860    0.779  3.273  3.5297  0.127    8  0.527  0.483   128.55    61.00  0  -1.6e-07      0.00 7.205e-01 2.727e-01 1.092e-03 5.084e-04 3.011e-03 -1.000 6.800e-03 -3.413 -2.118 -0.425 -3.284
0.00689 1.10e+10 0.9409395456    0.777  3.087  3.5536  0.408    8  0.527  0.483    70.17    36.11  1 -7.48e-08      0.00 7.205e-01 2.727e-01 1.092e-03 5.084e-04 3.011e-03 -1.000 6.800e-03 -2.948 -2.055 -0.862 -3.083
0.00689 1.10e+10 0.9409397840    0.774  2.926  3.5745  0.651    8  0.528  0.483    41.50    22.89  1 -4.15e-08      0.00 7.205e-01 2.727e-01 1.092e-03 5.084e-04 3.011e-03 -1.000 6.800e-03 -2.544 -1.892 -0.929 -2.827
0.00689 1.10e+10 0.9409400225    0.769  2.949  3.5717  0.613    8  0.528  0.483    45.00    24.49  1 -4.56e-08      0.00 7.205e-01 2.727e-01 1.092e-03 5.084e-04 3.011e-03 -1.000 6.800e-03 -2.604 -1.925 -0.940 -2.870
0.00689 1.10e+10 0.9409403205    0.764  3.076  3.5556  0.420    8  0.528  0.483    68.38    35.06  1  -7.4e-08      0.00 7.205e-01 2.727e-01 1.092e-03 5.084e-04 3.011e-03 -1.000 6.800e-03 -2.920 -2.055 -0.896 -3.073
0.00689 1.10e+10 0.9409407377    0.757  3.235  3.5353  0.176    8  0.529  0.483   115.68    55.02  0 -1.44e-07      0.00 7.205e-01 2.727e-01 1.092e-03 5.084e-04 3.011e-03 -1.000 6.800e-03 -3.316 -2.125 -0.566 -3.258
0.00689 1.10e+10 0.9409412146    0.750  3.364  3.5187 -0.024    8  0.529  0.483   178.15    79.53  0 -2.57e-07      0.00 7.205e-01 2.727e-01 1.092e-03 5.084e-04 3.011e-03 -1.000 6.800e-03 -3.639 -2.102 -0.068 -3.329
0.00689 1.10e+10 0.9409417510    0.741  3.446  3.5082 -0.153    8  0.530  0.483   235.65   100.71  0 -3.81e-07      0.00 7.205e-01 2.727e-01 1.092e-03 5.084e-04 3.011e-03 -1.000 6.800e-03 -3.845 -2.053 0.351 -3.331
0.00689 1.10e+10 0.9409423470    0.731  3.489  3.5027 -0.223    8  0.531  0.483   274.26   114.06  0 -4.75e-07      0.00 7.205e-01 2.727e-01 1.092e-03 5.084e-04 3.011e-03 -1.000 6.800e-03 -3.951 -2.020 0.585 -3.321
0.00689 1.10e+10 0.9409430027    0.720  3.508  3.5003 -0.259    8  0.531  0.483   296.57   121.06  0 -5.35e-07      0.00 7.205e-01 2.727e-01 1.092e-03 5.084e-04 3.011e-03 -1.000 6.800e-03 -4.000 -2.005 0.695 -3.316
0.00689 1.10e+10 0.9409437776    0.709  3.519  3.4990 -0.283    8  0.532  0.483   312.61   125.51  0 -5.83e-07      0.00 7.205e-01 2.727e-01 1.092e-03 5.084e-04 3.011e-03 -1.000 6.800e-03 -4.029 -2.003 0.740 -3.318
0.00689 1.10e+10 0.9409438372    0.708  3.336  3.5238 -0.001    8  0.532  0.483   170.25    74.16  0 -2.56e-07      0.00 7.205e-01 2.727e-01 1.092e-03 5.084e-04 3.011e-03 -1.000 6.800e-03 -3.571 -2.147 -0.269 -3.347
0.00689 1.10e+10 0.9409439564    0.704  3.153  3.5496  0.284    8  0.533  0.483    92.14    43.50  0  -1.2e-07      0.00 7.205e-01 2.727e-01 1.092e-03 5.084e-04 3.011e-03 -1.000 6.800e-03 -3.111 -2.155 -0.884 -3.209
0.00689 1.10e+10 0.9409441352    0.699  2.990  3.5733  0.537    8  0.533  0.483    53.34    27.00  1 -6.62e-08      0.00 7.205e-01 2.727e-01 1.092e-03 5.084e-04 3.011e-03 -1.000 6.800e-03 -2.706 -2.041 -1.063 -2.982
0.00689 1.10e+10 0.9409443736    0.692  3.013  3.5733  0.510    8  0.533  0.483    56.66    28.25  1 -7.54e-08      0.00 7.205e-01 2.727e-01 1.092e-03 5.084e-04 3.011e-03 -1.000 6.800e-03 -2.763 -2.097 -1.117 -3.039
0.00689 1.10e+10 0.9409447312    0.682  3.135  3.5609  0.333    8  0.534  0.483    83.22    39.03  0 -1.28e-07      0.00 7.205e-01 2.727e-01 1.092e-03 5.084e-04 3.011e-03 -1.000 6.800e-03 -3.067 -2.262 -1.149 -3.260
0.00689 1.10e+10 0.9409451485    0.671  3.287  3.5453  0.111    8  0.534  0.483   134.78    58.52  0 -2.57e-07      0.00 7.205e-01 2.727e-01 1.092e-03 5.084e-04 3.011e-03 -1.000 6.800e-03 -3.447 -2.421 -1.058 -3.503
0.00689 1.10e+10 0.9409456849    0.658  3.410  3.5342 -0.065    8  0.535  0.483   198.02    80.36  0 -4.77e-07      0.00 7.205e-01 2.727e-01 1.092e-03 5.084e-04 3.011e-03 -1.000 6.800e-03 -3.756 -2.531 -0.903 -3.679
0.00689 1.10e+10 0.9409462214    0.643  3.488  3.5300 -0.170    8  0.535  0.483   249.52    96.18  0  -7.4e-07      0.00 7.205e-01 2.727e-01 1.092e-03 5.084e-04 3.011e-03 -1.000 6.800e-03 -3.950 -2.642 -0.889 -3.818
0.00689 1.10e+10 0.9409468770    0.627  3.527  3.5318 -0.213    8  0.536  0.483   276.56   102.39  0 -9.79e-07      0.00 7.205e-01 2.727e-01 1.092e-03 5.084e-04 3.011e-03 -1.000 6.800e-03 -4.048 -2.770 -1.050 -3.938
0.00689 1.10e+10 0.9409476519    0.609  3.544  3.5374 -0.220    8  0.537  0.483   285.00   101.35  0 -1.18e-06      0.00 7.205e-01 2.727e-01 1.092e-03 5.084e-04 3.011e-03 -1.000 6.800e-03 -4.090 -2.916 -1.330 -4.053
0.00689 1.10e+10 0.9409484267    0.590  3.553  3.5449 -0.212    8  0.538  0.483   287.26    96.82  0  -1.4e-06      0.00 7.205e-01 2.727e-01 1.092e-03 5.084e-04 3.011e-03 -1.000 6.800e-03 -4.111 -3.066 -1.643 -4.163
0.00689 1.10e+10 0.9409484267    0.590  3.386  3.5678  0.046    8  0.538  0.483   164.85    59.82  0 -6.67e-07      0.00 7.205e-01 2.727e-01 1.092e-03 5.084e-04 3.011e-03 -1.000 6.800e-03 -3.695 -2.958 -1.886 -3.939
0.00689 1.10e+10 0.9409484863    0.588  3.204  3.5934  0.329    8  0.538  0.483    89.54    35.16  0 -3.16e-07      0.00 7.205e-01 2.727e-01 1.092e-03 5.084e-04 3.011e-03 -1.000 6.800e-03 -3.240 -2.738 -1.863 -3.625
0.00689 1.10e+10 0.9409485459    0.586  3.040  3.6172  0.587    8  0.538  0.483    51.54    21.66  1 -1.74e-07      0.00 7.205e-01 2.727e-01 1.092e-03 5.084e-04 3.011e-03 -1.000 6.800e-03 -2.830 -2.497 -1.752 -3.312
0.00689 1.10e+10 0.9409486651    0.584  3.060  3.6167  0.563    8  0.539  0.483    54.52    22.52  1 -1.92e-07      0.00 7.205e-01 2.727e-01 1.092e-03 5.084e-04 3.011e-03 -1.000 6.800e-03 -2.879 -2.543 -1.794 -3.359
0.00689 1.10e+10 0.9409487844    0.580  3.174  3.6039  0.395    8  0.539  0.483    78.96    30.59  0 -3.05e-07      0.00 7.205e-01 2.727e-01 1.092e-03 5.084e-04 3.011e-03 -1.000 6.800e-03 -3.166 -2.741 -1.924 -3.597
0.00689 1.10e+10 0.9409489632    0.576  3.318  3.5878  0.184    8  0.539  0.483   125.72    44.90  0 -5.68e-07      0.00 7.205e-01 2.727e-01 1.092e-03 5.084e-04 3.011e-03 -1.000 6.800e-03 -3.525 -2.974 -2.056 -3.884
0.00689 1.10e+10 0.9409491420    0.571  3.434  3.5760  0.017    8  0.539  0.483   182.41    60.44  0 -9.77e-07      0.00 7.205e-01 2.727e-01 1.092e-03 5.084e-04 3.011e-03 -1.000 6.800e-03 -3.814 -3.156 -2.146 -4.109
0.00689 1.10e+10 0.9409493804    0.566  3.505  3.5709 -0.079    8  0.539  0.483   228.48    71.00  0 -1.41e-06      0.00 7.205e-01 2.727e-01 1.092e-03 5.084e-04 3.011e-03 -1.000 6.800e-03 -3.992 -3.283 -2.223 -4.258
0.00689 1.10e+10 0.9409496188    0.560  3.539  3.5715 -0.115    8  0.540  0.483   253.69    74.06  0 -1.74e-06      0.00 7.205e-01 2.727e-01 1.092e-03 5.084e-04 3.011e-03 -1.000 6.800e-03 -4.076 -3.371 -2.309 -4.346
0.00689 1.10e+10 0.9409499168    0.553  3.550  3.5756 -0.115    8  0.540  0.483   265.31    71.27  0 -1.96e-06      0.00 7.205e-01 2.727e-01 1.092e-03 5.084e-04 3.011e-03 -1.000 6.800e-03 -4.105 -3.437 -2.406 -4.399
0.00689 1.10e+10 0.9409502149    0.545  3.553  3.5815 -0.100    8  0.540  0.483   283.23    64.05  0 -2.14e-06      0.00 7.205e-01 2.727e-01 1.092e-03 5.084e-04 3.011e-03 -1.000 6.800e-03 -4.113 -3.500 -2.513 -4.441
0.00689 1.10e+10 0.9409508705    0.545 -9.999  4.0691  2.032    9  0.546  0.002     0.00     0.00 -1         0      0.00 7.205e-01 2.727e-01 1.092e-03 5.084e-04 3.011e-03 -1.000 6.800e-03 29.767 30.349 30.297 30.401
#isochrone terminated