# File generated by CMD 3.0 (http://stev.oapd.inaf.it/cmd) on Fri May 18 15:50:59 CEST 2018
# isochrones PARSEC release v1.2S + COLIBRI release PR16, as in Marigo et al. 2017
# Basic reference: Marigo et al. (2017), ApJ, 835, 77
# Photometric system: Gaia's DR2 G, G_BP and G_RP (Vegamags)
# O-rich circumstellar dust ignored
# C-rich circumstellar dust ignored
# Kind of output: isochrone tables
Zini Age Mini  Mass   logL    logTe  logg  label   McoreTP C_O  period0 period1 pmode  Mloss  tau1m   X   Y   Xc  Xn  Xo  Cexcess  Z 	 mbolmag  Gmag    G_BPmag  G_RPmag
0.00109 1.30e+10 0.0900000036    0.090 -3.216  3.4544  5.378    1  0.000  0.545     0.00     0.00 -1         0      0.00 7.461e-01 2.528e-01 2.026e-04 5.467e-05 4.958e-04 -1.000 1.127e-03 12.811 13.874 16.002 12.635
0.00109 1.30e+10 0.0975447297    0.098 -3.024  3.4817  5.330    1  0.000  0.545     0.00     0.00 -1         0      0.00 7.450e-01 2.539e-01 2.026e-04 5.467e-05 4.958e-04 -1.000 1.127e-03 12.330 13.235 14.930 12.073
0.00109 1.30e+10 0.1000000015    0.100 -2.965  3.4902  5.316    1  0.000  0.545     0.00     0.00 -1         0      0.00 7.446e-01 2.542e-01 2.026e-04 5.467e-05 4.958e-04 -1.000 1.127e-03 12.182 13.040 14.620 11.903
0.00109 1.30e+10 0.1199999973    0.120 -2.682  3.5230  5.243    1  0.000  0.545     0.00     0.00 -1         0      0.00 7.422e-01 2.566e-01 2.026e-04 5.467e-05 4.959e-04 -1.000 1.127e-03 11.474 12.145 13.374 11.109
0.00109 1.30e+10 0.1400000006    0.140 -2.499  3.5397  5.193    1  0.000  0.545     0.00     0.00 -1         0      0.00 7.404e-01 2.585e-01 2.026e-04 5.467e-05 4.959e-04 -1.000 1.127e-03 11.017 11.596 12.695 10.607
0.00109 1.30e+10 0.1599999964    0.160 -2.358  3.5502  5.153    1  0.000  0.545     0.00     0.00 -1         0      0.00 7.390e-01 2.598e-01 2.026e-04 5.467e-05 4.959e-04 -1.000 1.127e-03 10.665 11.188 12.220 10.227
0.00109 1.30e+10 0.2000000179    0.200 -2.136  3.5644  5.085    1  0.000  0.545     0.00     0.00 -1         0      0.00 7.376e-01 2.613e-01 2.026e-04 5.467e-05 4.959e-04 -1.000 1.127e-03 10.110 10.565 11.518 9.638
0.00109 1.30e+10 0.2500000000    0.250 -1.931  3.5757  5.022    1  0.000  0.545     0.00     0.00 -1         0      0.00 7.374e-01 2.615e-01 2.026e-04 5.467e-05 4.959e-04 -1.000 1.127e-03 9.598 10.003 10.907 9.099
0.00109 1.30e+10 0.3000000417    0.300 -1.775  3.5842  4.979    1  0.000  0.545     0.00     0.00 -1         0      0.00 7.376e-01 2.612e-01 2.026e-04 5.468e-05 4.959e-04 -1.000 1.127e-03 9.207 9.578 10.454 8.687
0.00109 1.30e+10 0.3499999940    0.350 -1.646  3.5914  4.946    1  0.000  0.545     0.00     0.00 -1         0      0.00 7.477e-01 2.512e-01 2.026e-04 5.467e-05 4.958e-04 -1.000 1.127e-03 8.885 9.206 10.032 8.341
0.00109 1.30e+10 0.4000000060    0.400 -1.495  3.6027  4.897    1  0.000  0.545     0.00     0.00 -1         0      0.00 7.485e-01 2.504e-01 2.026e-04 5.467e-05 4.958e-04 -1.000 1.127e-03 8.506 8.769 9.528 7.940
0.00109 1.30e+10 0.4500000179    0.450 -1.315  3.6204  4.840    1  0.000  0.545     0.00     0.00 -1         0      0.00 7.485e-01 2.504e-01 2.026e-04 5.467e-05 4.958e-04 -1.000 1.127e-03 8.057 8.276 8.969 7.488
0.00109 1.30e+10 0.5000000000    0.500 -1.108  3.6494  4.795    1  0.000  0.545     0.00     0.00 -1         0      0.00 7.485e-01 2.504e-01 2.026e-04 5.467e-05 4.958e-04 -1.000 1.127e-03 7.540 7.676 8.264 6.960
0.00109 1.30e+10 0.5500000715    0.550 -0.880  3.6811  4.735    1  0.000  0.544     0.00     0.00 -1         0      0.00 7.856e-01 2.134e-01 1.749e-04 4.722e-05 4.285e-04 -1.000 9.345e-04 6.970 7.017 7.503 6.377
0.00109 1.30e+10 0.6000000238    0.600 -0.667  3.7112  4.680    1  0.000  0.544     0.00     0.00 -1  1.59e-14      0.00 7.951e-01 2.039e-01 1.683e-04 4.546e-05 4.127e-04 -1.000 9.919e-04 6.437 6.423 6.833 5.848
0.00109 1.30e+10 0.6021226645    0.602 -0.658  3.7126  4.678    1  0.000  0.544     0.00     0.00 -1  1.63e-14      0.00 7.956e-01 2.034e-01 1.680e-04 4.537e-05 4.119e-04 -1.000 9.932e-04 6.414 6.398 6.804 5.826
0.00109 1.30e+10 0.6148436069    0.615 -0.601  3.7210  4.664    1  0.000  0.543     0.00     0.00 -1         0      0.00 7.982e-01 2.008e-01 1.661e-04 4.487e-05 4.074e-04 -1.000 9.570e-04 6.273 6.246 6.632 5.691
0.00109 1.30e+10 0.6271821260    0.627 -0.546  3.7290  4.650    1  0.000  0.543     0.00     0.00 -1         0      0.00 8.009e-01 1.981e-01 1.642e-04 4.436e-05 4.029e-04 -1.000 9.058e-04 6.136 6.101 6.469 5.563
0.00109 1.30e+10 0.6386724710    0.639 -0.495  3.7363  4.635    1  0.000  0.543     0.00     0.00 -1         0      0.00 8.035e-01 1.956e-01 1.623e-04 4.388e-05 3.986e-04 -1.000 9.016e-04 6.007 5.967 6.317 5.443
0.00109 1.30e+10 0.6499999762    0.650 -0.444  3.7433  4.620    1  0.000  0.543     0.00     0.00 -1         0      0.00 8.061e-01 1.930e-01 1.605e-04 4.339e-05 3.941e-04 -1.000 9.016e-04 5.880 5.836 6.171 5.327
0.00109 1.30e+10 0.6506609917    0.651 -0.441  3.7437  4.619    1  0.000  0.543     0.00     0.00 -1         0      0.00 8.063e-01 1.928e-01 1.603e-04 4.335e-05 3.938e-04 -1.000 9.016e-04 5.872 5.828 6.163 5.320
0.00109 1.30e+10 0.6627822518    0.663 -0.385  3.7505  4.599    1  0.000  0.543     0.00     0.00 -1         0      0.00 8.098e-01 1.893e-01 1.579e-04 4.271e-05 3.880e-04 -1.000 9.004e-04 5.733 5.688 6.007 5.194
0.00109 1.30e+10 0.6746537089    0.675 -0.330  3.7570  4.577    1  0.000  0.542     0.00     0.00 -1         0      0.00 8.134e-01 1.858e-01 1.554e-04 4.205e-05 3.822e-04 -1.000 8.487e-04 5.594 5.548 5.854 5.068
0.00109 1.30e+10 0.6852185130    0.685 -0.279  3.7625  4.555    1  0.000  0.542     0.00     0.00 -1         0      0.00 8.167e-01 1.824e-01 1.532e-04 4.144e-05 3.767e-04 -1.000 8.709e-04 5.467 5.421 5.715 4.952
0.00109 1.30e+10 0.6957008839    0.696 -0.227  3.7679  4.531    1  0.000  0.542     0.00     0.00 -1         0      0.00 8.202e-01 1.790e-01 1.508e-04 4.081e-05 3.710e-04 -1.000 8.251e-04 5.338 5.292 5.575 4.834
0.00109 1.30e+10 0.6999999881    0.700 -0.205  3.7700  4.520    1  0.000  0.542     0.00     0.00 -1         0      0.00 8.217e-01 1.775e-01 1.498e-04 4.054e-05 3.686e-04 -1.000 8.015e-04 5.283 5.238 5.517 4.785
0.00109 1.30e+10 0.7055551410    0.705 -0.176  3.7726  4.505    1  0.000  0.540     0.00     0.00 -1         0      0.00 8.241e-01 1.751e-01 1.479e-04 4.010e-05 3.648e-04 -1.000 8.027e-04 5.211 5.166 5.440 4.718
0.00109 1.30e+10 0.7162579298    0.716 -0.118  3.7775  4.473    1  0.000  0.539     0.00     0.00 -1         0      0.00 8.288e-01 1.704e-01 1.442e-04 3.921e-05 3.569e-04 -1.000 8.017e-04 5.066 5.021 5.286 4.584
0.00109 1.30e+10 0.7263143659    0.726 -0.061  3.7819  4.439    1  0.000  0.537     0.00     0.00 -1         0      0.00 8.337e-01 1.655e-01 1.405e-04 3.832e-05 3.491e-04 -1.000 8.016e-04 4.921 4.877 5.133 4.449
0.00109 1.30e+10 0.7355707288    0.735 -0.004  3.7858  4.403    1  0.000  0.535     0.00     0.00 -1         0      0.00 8.384e-01 1.608e-01 1.369e-04 3.745e-05 3.413e-04 -1.000 7.995e-04 4.779 4.736 4.985 4.316
0.00109 1.30e+10 0.7435976863    0.743  0.049  3.7889  4.368    1  0.000  0.533     0.00     0.00 -1         0      0.00 8.426e-01 1.566e-01 1.338e-04 3.668e-05 3.345e-04 -1.000 7.961e-04 4.647 4.604 4.848 4.191
0.00109 1.30e+10 0.7500000000    0.750  0.093  3.7911  4.337    1  0.000  0.532     0.00     0.00 -1  1.21e-13      0.00 8.460e-01 1.532e-01 1.314e-04 3.607e-05 3.290e-04 -1.000 7.890e-04 4.538 4.495 4.735 4.087
0.00109 1.30e+10 0.7501299977    0.750  0.094  3.7912  4.336    1  0.000  0.532     0.00     0.00 -1  1.21e-13      0.00 8.461e-01 1.531e-01 1.313e-04 3.606e-05 3.289e-04 -1.000 7.888e-04 4.536 4.493 4.732 4.085
0.00109 1.30e+10 0.7595616579    0.759  0.163  3.7938  4.283    1  0.000  0.531     0.00     0.00 -1         0      0.00 8.502e-01 1.490e-01 1.288e-04 3.539e-05 3.231e-04 -1.000 7.248e-04 4.364 4.320 4.555 3.918
0.00109 1.30e+10 0.7678797841    0.767  0.229  3.7954  4.227    1  0.000  0.531     0.00     0.00 -1         0      0.00 8.514e-01 1.478e-01 1.282e-04 3.524e-05 3.218e-04 -1.000 7.330e-04 4.198 4.154 4.385 3.755
0.00109 1.30e+10 0.7697500587    0.769  0.245  3.7956  4.213    1  0.000  0.531     0.00     0.00 -1         0      0.00 8.515e-01 1.478e-01 1.282e-04 3.525e-05 3.219e-04 -1.000 7.368e-04 4.158 4.114 4.345 3.716
0.00109 1.30e+10 0.7726699114    0.772  0.272  3.7954  4.187    1  0.000  0.531     0.00     0.00 -1         0      0.00 8.516e-01 1.477e-01 1.283e-04 3.526e-05 3.221e-04 -1.000 7.416e-04 4.089 4.045 4.276 3.647
0.00109 1.30e+10 0.7785061598    0.778  0.330  3.7940  4.127    1  0.000  0.531     0.00     0.00 -1         0      0.00 8.517e-01 1.476e-01 1.285e-04 3.532e-05 3.226e-04 -1.000 7.558e-04 3.944 3.898 4.132 3.498
0.00109 1.30e+10 0.7831724882    0.782  0.381  3.7916  4.068    1  0.000  0.531     0.00     0.00 -1         0      0.00 8.515e-01 1.477e-01 1.289e-04 3.545e-05 3.239e-04 -1.000 7.889e-04 3.816 3.770 4.007 3.365
0.00109 1.30e+10 0.7847175598    0.784  0.402  3.7895  4.040    2  0.000  0.531     0.00     0.00 -1         0      0.00 8.507e-01 1.485e-01 1.299e-04 3.571e-05 3.262e-04 -1.000 7.783e-04 3.765 3.718 3.960 3.310
0.00109 1.30e+10 0.7877616882    0.787  0.445  3.7840  3.977    2  0.000  0.531     0.00     0.00 -1         0      0.00 8.470e-01 1.522e-01 1.335e-04 3.672e-05 3.354e-04 -1.000 7.632e-04 3.659 3.611 3.861 3.192
0.00109 1.30e+10 0.7899659872    0.789  0.479  3.7777  3.919    2  0.000  0.531     0.00     0.00 -1         0      0.00 8.357e-01 1.635e-01 1.423e-04 3.911e-05 3.571e-04 -1.000 7.754e-04 3.572 3.523 3.785 3.092
0.00109 1.30e+10 0.7919131517    0.791  0.513  3.7692  3.851    2  0.000  0.533     0.00     0.00 -1         0      0.00 8.129e-01 1.863e-01 1.583e-04 4.344e-05 3.961e-04 -1.000 8.678e-04 3.487 3.438 3.716 2.990
0.00109 1.30e+10 0.7931874990    0.792  0.539  3.7614  3.795    2  0.000  0.534     0.00     0.00 -1         0      0.00 7.951e-01 2.039e-01 1.699e-04 4.654e-05 4.238e-04 -1.000 9.656e-04 3.423 3.377 3.669 2.912
0.00109 1.30e+10 0.7943054438    0.793  0.568  3.7532  3.735    2  0.000  0.535     0.00     0.00 -1         0      0.00 7.824e-01 2.166e-01 1.778e-04 4.867e-05 4.429e-04 -1.000 1.009e-03 3.351 3.307 3.616 2.826
0.00109 1.30e+10 0.7952739000    0.794  0.603  3.7460  3.670    2  0.000  0.536     0.00     0.00 -1         0      0.00 7.744e-01 2.246e-01 1.828e-04 4.999e-05 4.546e-04 -1.000 1.014e-03 3.261 3.221 3.544 2.724
0.00109 1.30e+10 0.7960180640    0.795  0.641  3.7409  3.613    2  0.000  0.536     0.00     0.00 -1         0      0.00 7.698e-01 2.291e-01 1.855e-04 5.074e-05 4.613e-04 -1.000 1.050e-03 3.167 3.130 3.464 2.623
0.00109 1.30e+10 0.7965194583    0.795  0.670  3.7379  3.571    2  0.000  0.536     0.00     0.00 -1         0      0.00 7.672e-01 2.317e-01 1.871e-04 5.115e-05 4.651e-04 -1.000 1.108e-03 3.094 3.059 3.399 2.545
0.00109 1.30e+10 0.7966330647    0.795  0.678  3.7373  3.561    3  0.000  0.537     0.00     0.00 -1         0      0.00 7.667e-01 2.322e-01 1.874e-04 5.123e-05 4.656e-04 -1.000 1.109e-03 3.074 3.040 3.381 2.525
0.00109 1.30e+10 0.7972310781    0.796  0.723  3.7345  3.506    3  0.000  0.537     0.00     0.00 -1         0      0.00 7.640e-01 2.349e-01 1.887e-04 5.158e-05 4.688e-04 -1.000 1.113e-03 2.964 2.932 3.279 2.411
0.00109 1.30e+10 0.7977351546    0.796  0.764  3.7325  3.458    3  0.000  0.537     0.00     0.00 -1         0      0.00 7.620e-01 2.370e-01 1.897e-04 5.183e-05 4.711e-04 -1.000 1.027e-03 2.861 2.830 3.182 2.306
0.00109 1.30e+10 0.7982949018    0.797  0.813  3.7306  3.400    3  0.000  0.537     0.00     0.00 -1         0      0.00 7.597e-01 2.391e-01 1.905e-04 5.207e-05 4.732e-04 -1.000 1.111e-03 2.737 2.708 3.064 2.179
0.00109 1.30e+10 0.7988123894    0.797  0.863  3.7288  3.344    3  0.000  0.537     0.00     0.00 -1         0      0.00 7.578e-01 2.412e-01 1.912e-04 5.226e-05 4.749e-04 -1.000 1.027e-03 2.613 2.586 2.946 2.053
0.00109 1.30e+10 0.7993319035    0.798  0.917  3.7271  3.283    3  0.000  0.537     0.00     0.00 -1         0      0.00 7.556e-01 2.433e-01 1.917e-04 5.245e-05 4.764e-04 -1.000 1.113e-03 2.478 2.452 2.815 1.916
0.00109 1.30e+10 0.7997922301    0.798  0.969  3.7256  3.225    3  0.000  0.536     0.00     0.00 -1         0      0.00 7.538e-01 2.452e-01 1.919e-04 5.262e-05 4.774e-04 -1.000 1.027e-03 2.347 2.322 2.689 1.783
0.00109 1.30e+10 0.8000000119    0.798  0.995  3.7248  3.196    3  0.000  0.535     0.00     0.00 -1  3.47e-12      0.00 7.529e-01 2.460e-01 1.918e-04 5.274e-05 4.779e-04 -1.000 1.073e-03 2.282 2.258 2.627 1.718
0.00109 1.30e+10 0.8001825213    0.798  1.018  3.7241  3.171    3  0.000  0.535     0.00     0.00 -1  3.77e-12      0.00 7.521e-01 2.468e-01 1.917e-04 5.284e-05 4.783e-04 -1.000 1.114e-03 2.226 2.202 2.573 1.660
0.00109 1.30e+10 0.8004877567    0.799  1.059  3.7228  3.125    3  0.000  0.533     0.00     0.00 -1  4.37e-12      0.00 7.510e-01 2.480e-01 1.915e-04 5.311e-05 4.789e-04 -1.000 1.028e-03 2.123 2.101 2.475 1.557
0.00109 1.30e+10 0.8008257151    0.799  1.108  3.7214  3.070    3  0.000  0.531     0.00     0.00 -1  5.21e-12      0.00 7.496e-01 2.492e-01 1.909e-04 5.358e-05 4.794e-04 -1.000 1.113e-03 2.000 1.980 2.357 1.433
0.00109 1.30e+10 0.8011488318    0.799  1.160  3.7197  3.012    3  0.000  0.528     0.00     0.00 -1  6.26e-12      0.00 7.484e-01 2.505e-01 1.901e-04 5.433e-05 4.799e-04 -1.000 1.116e-03 1.871 1.854 2.234 1.303
0.00109 1.30e+10 0.8014414310    0.799  1.211  3.7180  2.954    3  0.000  0.526     0.00     0.00 -1  7.54e-12      0.00 7.475e-01 2.514e-01 1.892e-04 5.513e-05 4.802e-04 -1.000 1.124e-03 1.743 1.727 2.112 1.173
0.00109 1.30e+10 0.8016969562    0.799  1.260  3.7163  2.898    3  0.000  0.523     0.00     0.00 -1  9.01e-12      0.00 7.468e-01 2.522e-01 1.885e-04 5.596e-05 4.805e-04 -1.000 1.038e-03 1.619 1.606 1.995 1.048
0.00109 1.30e+10 0.8019278646    0.799  1.309  3.7146  2.842    3  0.000  0.521     0.00     0.00 -1  1.07e-11      0.00 7.462e-01 2.527e-01 1.878e-04 5.665e-05 4.806e-04 -1.000 1.118e-03 1.498 1.487 1.880 0.925
0.00109 1.30e+10 0.8021355867    0.799  1.357  3.7128  2.787    3  0.000  0.520     0.00     0.00 -1  1.28e-11      0.00 7.459e-01 2.531e-01 1.874e-04 5.718e-05 4.808e-04 -1.000 1.039e-03 1.378 1.370 1.768 0.804
0.00109 1.30e+10 0.8023284674    0.799  1.405  3.7110  2.731    3  0.000  0.519     0.00     0.00 -1  1.52e-11      0.00 7.457e-01 2.533e-01 1.871e-04 5.752e-05 4.809e-04 -1.000 1.035e-03 1.257 1.250 1.653 0.681
0.00109 1.30e+10 0.8024991751    0.800  1.453  3.7090  2.676    3  0.000  0.519     0.00     0.00 -1  1.81e-11      0.00 7.456e-01 2.534e-01 1.870e-04 5.768e-05 4.809e-04 -1.000 1.032e-03 1.139 1.135 1.542 0.561
0.00109 1.30e+10 0.8026584387    0.799  1.501  3.7070  2.620    3  0.000  0.519     0.00     0.00 -1  2.16e-11      0.00 7.455e-01 2.534e-01 1.870e-04 5.771e-05 4.809e-04 -1.000 1.032e-03 1.018 1.018 1.430 0.440
0.00109 1.30e+10 0.8027991652    0.799  1.548  3.7051  2.565    3  0.000  0.519     0.00     0.00 -1  2.56e-11      0.00 7.455e-01 2.534e-01 1.869e-04 5.774e-05 4.809e-04 -1.000 1.033e-03 0.901 0.904 1.322 0.322
0.00109 1.30e+10 0.8029246330    0.799  1.593  3.7030  2.512    3  0.000  0.518     0.00     0.00 -1  3.02e-11      0.00 7.455e-01 2.534e-01 1.869e-04 5.776e-05 4.809e-04 -1.000 1.033e-03 0.788 0.795 1.217 0.207
0.00109 1.30e+10 0.8030409217    0.799  1.639  3.7011  2.458    3  0.000  0.518     0.00     0.00 -1  3.57e-11      0.00 7.455e-01 2.535e-01 1.869e-04 5.778e-05 4.809e-04 -1.000 1.033e-03 0.673 0.683 1.111 0.092
0.00109 1.30e+10 0.8031441569    0.799  1.683  3.6990  2.406    3  0.000  0.518     0.00     0.00 -1   4.2e-11      0.00 7.455e-01 2.535e-01 1.869e-04 5.780e-05 4.809e-04 -1.000 1.034e-03 0.563 0.577 1.011 -0.020
0.00109 1.30e+10 0.8032414913    0.799  1.728  3.6969  2.352    3  0.000  0.518     0.00     0.00 -1  4.96e-11      0.00 7.455e-01 2.535e-01 1.869e-04 5.781e-05 4.809e-04 -1.000 1.034e-03 0.451 0.468 0.908 -0.133
0.00109 1.30e+10 0.8033291698    0.799  1.771  3.6947  2.300    3  0.000  0.518     0.00     0.00 -1  5.82e-11      0.00 7.455e-01 2.535e-01 1.869e-04 5.783e-05 4.809e-04 -1.000 1.034e-03 0.342 0.364 0.809 -0.243
0.00109 1.30e+10 0.8034111857    0.799  1.815  3.6925  2.248    3  0.000  0.518     0.00     0.00 -1  6.83e-11      0.00 7.455e-01 2.535e-01 1.869e-04 5.784e-05 4.809e-04 -1.000 1.034e-03 0.233 0.260 0.712 -0.351
0.00109 1.30e+10 0.8034896851    0.798  1.858  3.6904  2.196    3  0.000  0.518     0.00     0.00 -1  8.02e-11      0.00 7.455e-01 2.535e-01 1.869e-04 5.786e-05 4.809e-04 -1.000 1.034e-03 0.126 0.157 0.615 -0.459
0.00109 1.30e+10 0.8035702705    0.798  1.900  3.6882  2.145    3  0.000  0.518     0.00     0.00 -1  9.36e-11      0.00 7.455e-01 2.535e-01 1.868e-04 5.787e-05 4.810e-04 -1.000 1.034e-03 0.021 0.058 0.522 -0.563
0.00109 1.30e+10 0.8036434054    0.798  1.921  3.6873  2.120    3  0.000  0.518     0.00     0.00 -1  1.02e-10      0.00 7.455e-01 2.535e-01 1.868e-04 5.788e-05 4.810e-04 -1.000 1.034e-03 -0.033 0.006 0.473 -0.617
0.00109 1.30e+10 0.8037024140    0.797  1.903  3.6886  2.143    3  0.000  0.518     0.00     0.00 -1  9.58e-11      0.00 7.455e-01 2.535e-01 1.868e-04 5.789e-05 4.810e-04 -1.000 1.035e-03 0.012 0.048 0.511 -0.572
0.00109 1.30e+10 0.8037128448    0.797  1.900  3.6889  2.147    3  0.000  0.518     0.00     0.00 -1  9.45e-11      0.00 7.455e-01 2.535e-01 1.868e-04 5.790e-05 4.810e-04 -1.000 1.035e-03 0.021 0.055 0.518 -0.564
0.00109 1.30e+10 0.8037608266    0.797  1.935  3.6870  2.105    3  0.000  0.518     0.00     0.00 -1  1.07e-10      0.00 7.455e-01 2.535e-01 1.868e-04 5.790e-05 4.810e-04 -1.000 1.035e-03 -0.067 -0.028 0.439 -0.652
0.00109 1.30e+10 0.8038137555    0.797  1.976  3.6847  2.054    3  0.000  0.518     0.00     0.00 -1  1.24e-10      0.00 7.454e-01 2.535e-01 1.868e-04 5.791e-05 4.810e-04 -1.000 1.035e-03 -0.170 -0.125 0.349 -0.754
0.00109 1.30e+10 0.8038648367    0.797  2.018  3.6824  2.003    3  0.000  0.518     0.00     0.00 -1  1.45e-10      0.00 7.454e-01 2.535e-01 1.868e-04 5.792e-05 4.810e-04 -1.000 1.035e-03 -0.274 -0.224 0.256 -0.858
0.00109 1.30e+10 0.8039115071    0.796  2.058  3.6801  1.953    3  0.000  0.518     0.00     0.00 -1  1.68e-10      0.00 7.454e-01 2.535e-01 1.868e-04 5.793e-05 4.810e-04 -1.000 1.035e-03 -0.376 -0.319 0.168 -0.959
0.00109 1.30e+10 0.8039557338    0.796  2.100  3.6777  1.902    3  0.000  0.518     0.00     0.00 -1  1.97e-10      0.00 7.454e-01 2.535e-01 1.868e-04 5.794e-05 4.810e-04 -1.000 1.035e-03 -0.479 -0.416 0.079 -1.061
0.00109 1.30e+10 0.8039955497    0.795  2.140  3.6753  1.852    3  0.000  0.518     0.00     0.00 -1  2.29e-10      0.00 7.454e-01 2.535e-01 1.868e-04 5.795e-05 4.810e-04 -1.000 1.035e-03 -0.580 -0.509 -0.007 -1.161
0.00109 1.30e+10 0.8040326238    0.795  2.180  3.6729  1.802    3  0.000  0.518     0.00     0.00 -1  2.66e-10      0.00 7.454e-01 2.535e-01 1.868e-04 5.795e-05 4.810e-04 -1.000 1.035e-03 -0.680 -0.602 -0.092 -1.260
0.00109 1.30e+10 0.8040665388    0.794  2.220  3.6705  1.752    3  0.000  0.518     0.00     0.00 -1  3.08e-10      0.00 7.454e-01 2.535e-01 1.868e-04 5.796e-05 4.810e-04 -1.000 1.035e-03 -0.779 -0.694 -0.176 -1.358
0.00109 1.30e+10 0.8040980697    0.794  2.259  3.6680  1.702    3  0.000  0.518     0.00     0.00 -1  3.58e-10      0.00 7.454e-01 2.535e-01 1.868e-04 5.796e-05 4.810e-04 -1.000 1.035e-03 -0.878 -0.786 -0.260 -1.456
0.00109 1.30e+10 0.8041266203    0.793  2.298  3.6655  1.653    3  0.000  0.518     0.00     0.00 -1  4.14e-10      0.00 7.454e-01 2.535e-01 1.868e-04 5.797e-05 4.810e-04 -1.000 1.035e-03 -0.975 -0.875 -0.340 -1.550
0.00109 1.30e+10 0.8041536212    0.793  2.338  3.6629  1.603    3  0.000  0.518     0.00     0.00 -1   4.8e-10      0.00 7.454e-01 2.535e-01 1.868e-04 5.797e-05 4.810e-04 -1.000 1.036e-03 -1.074 -0.965 -0.422 -1.647
0.00109 1.30e+10 0.8041781783    0.792  2.376  3.6604  1.554    3  0.000  0.518     0.00     0.00 -1  5.55e-10      0.00 7.454e-01 2.535e-01 1.868e-04 5.798e-05 4.810e-04 -1.000 1.036e-03 -1.170 -1.052 -0.500 -1.741
0.00109 1.30e+10 0.8042010069    0.791  2.414  3.6578  1.505    3  0.000  0.518     0.00     0.00 -1  6.42e-10      0.00 7.454e-01 2.535e-01 1.868e-04 5.798e-05 4.810e-04 -1.000 1.036e-03 -1.266 -1.138 -0.578 -1.834
0.00109 1.30e+10 0.8042219281    0.790  2.452  3.6554  1.458    3  0.000  0.518     0.00     0.00 -1  7.38e-10      0.00 7.454e-01 2.535e-01 1.868e-04 5.798e-05 4.810e-04 -1.000 1.036e-03 -1.359 -1.223 -0.653 -1.925
0.00109 1.30e+10 0.8042458296    0.789  2.498  3.6521  1.398    3  0.000  0.518     0.00     0.00 -1  8.81e-10      0.00 7.454e-01 2.536e-01 1.868e-04 5.799e-05 4.810e-04 -1.000 1.036e-03 -1.474 -1.324 -0.742 -2.036
0.00109 1.30e+10 0.8042637706    0.788  2.535  3.6495  1.350    3  0.000  0.518     0.00     0.00 -1  1.02e-09      0.00 7.454e-01 2.536e-01 1.868e-04 5.799e-05 4.810e-04 -1.000 1.036e-03 -1.568 -1.406 -0.813 -2.124
0.00109 1.30e+10 0.8042835593    0.787  2.579  3.6465  1.293    3  0.000  0.518     0.00     0.00 -1   1.2e-09      0.00 7.454e-01 2.536e-01 1.868e-04 5.800e-05 4.810e-04 -1.000 1.036e-03 -1.678 -1.502 -0.896 -2.229
0.00109 1.30e+10 0.8043022156    0.786  2.624  3.6433  1.235    3  0.000  0.518     0.00     0.00 -1  1.42e-09      0.00 7.454e-01 2.536e-01 1.868e-04 5.800e-05 4.810e-04 -1.000 1.036e-03 -1.789 -1.598 -0.979 -2.334
0.00109 1.30e+10 0.8043163419    0.785  2.660  3.6406  1.187    3  0.000  0.518     0.00     0.00 -1  1.64e-09      0.00 7.454e-01 2.536e-01 1.868e-04 5.800e-05 4.810e-04 -1.000 1.036e-03 -1.880 -1.676 -1.046 -2.420
0.00109 1.30e+10 0.8043317199    0.783  2.702  3.6376  1.132    3  0.000  0.518     0.00     0.00 -1  1.92e-09      0.00 7.454e-01 2.536e-01 1.868e-04 5.800e-05 4.810e-04 -1.000 1.036e-03 -1.986 -1.766 -1.122 -2.519
0.00109 1.30e+10 0.8043464422    0.781  2.745  3.6344  1.075    3  0.000  0.518     0.00     0.00 -1  2.27e-09      0.00 7.454e-01 2.536e-01 1.868e-04 5.801e-05 4.810e-04 -1.000 1.036e-03 -2.094 -1.857 -1.198 -2.619
0.00109 1.30e+10 0.8043603301    0.779  2.789  3.6311  1.017    3  0.000  0.518     0.00     0.00 -1  2.69e-09      0.00 7.454e-01 2.536e-01 1.868e-04 5.801e-05 4.810e-04 -1.000 1.036e-03 -2.204 -1.948 -1.274 -2.721
0.00109 1.30e+10 0.8043721914    0.777  2.830  3.6281  0.963    3  0.000  0.518     0.00     0.00 -1  3.14e-09      0.00 7.454e-01 2.536e-01 1.868e-04 5.801e-05 4.810e-04 -1.000 1.036e-03 -2.304 -2.032 -1.342 -2.815
0.00109 1.30e+10 0.8043836355    0.775  2.871  3.6250  0.909    3  0.000  0.518     0.00     0.00 -1  3.69e-09      0.00 7.454e-01 2.536e-01 1.868e-04 5.801e-05 4.810e-04 -1.000 1.036e-03 -2.407 -2.116 -1.410 -2.909
0.00109 1.30e+10 0.8043944240    0.773  2.913  3.6217  0.852    3  0.000  0.518     0.00     0.00 -1  4.34e-09      0.00 7.454e-01 2.536e-01 1.867e-04 5.801e-05 4.810e-04 -1.000 1.036e-03 -2.511 -2.198 -1.473 -3.003
0.00109 1.30e+10 0.8044041395    0.770  2.953  3.6186  0.798    3  0.000  0.518     0.00     0.00 -1  5.07e-09      0.00 7.454e-01 2.536e-01 1.867e-04 5.802e-05 4.810e-04 -1.000 1.036e-03 -2.612 -2.278 -1.534 -3.092
0.00109 1.30e+10 0.8044131398    0.768  2.992  3.6156  0.746    3  0.000  0.518     0.00     0.00 -1  5.91e-09      0.00 7.454e-01 2.536e-01 1.867e-04 5.802e-05 4.810e-04 -1.000 1.036e-03 -2.710 -2.356 -1.595 -3.181
0.00109 1.30e+10 0.8044215441    0.765  3.031  3.6124  0.692    3  0.000  0.518     0.00     0.00 -1   6.9e-09      0.00 7.454e-01 2.536e-01 1.867e-04 5.802e-05 4.810e-04 -1.000 1.036e-03 -2.808 -2.433 -1.653 -3.269
0.00109 1.30e+10 0.8044297099    0.761  3.072  3.6094  0.637    3  0.000  0.518     0.00     0.00 -1  8.07e-09      0.00 7.454e-01 2.536e-01 1.867e-04 5.802e-05 4.810e-04 -1.000 1.036e-03 -2.909 -2.510 -1.712 -3.357
0.00109 1.30e+10 0.8044368029    0.758  3.109  3.6065  0.587    3  0.000  0.518     0.00     0.00 -1  9.35e-09      0.00 7.454e-01 2.536e-01 1.867e-04 5.802e-05 4.810e-04 -1.000 1.036e-03 -3.002 -2.582 -1.766 -3.438
0.00109 1.30e+10 0.8044437170    0.754  3.147  3.6035  0.534    3  0.000  0.518     0.00     0.00 -1  1.09e-08      0.00 7.454e-01 2.536e-01 1.867e-04 5.802e-05 4.810e-04 -1.000 1.036e-03 -3.097 -2.654 -1.819 -3.521
0.00109 1.30e+10 0.8044502139    0.749  3.185  3.6004  0.481    3  0.000  0.518     0.00     0.00 -1  1.26e-08      0.00 7.454e-01 2.536e-01 1.867e-04 5.802e-05 4.810e-04 -1.000 1.036e-03 -3.192 -2.726 -1.871 -3.604
0.00109 1.30e+10 0.8044561744    0.745  3.222  3.5975  0.430    3  0.000  0.518     0.00     0.00 -1  1.46e-08      0.00 7.454e-01 2.536e-01 1.867e-04 5.803e-05 4.810e-04 -1.000 1.036e-03 -3.284 -2.793 -1.917 -3.683
0.00109 1.30e+10 0.8044616580    0.740  3.257  3.5947  0.381    3  0.000  0.518     0.00     0.00 -1  1.69e-08      0.00 7.454e-01 2.536e-01 1.867e-04 5.803e-05 4.810e-04 -1.000 1.036e-03 -3.373 -2.858 -1.959 -3.757
0.00109 1.30e+10 0.8044667840    0.735  3.291  3.5920  0.333    3  0.000  0.518     0.00     0.00 -1  1.94e-08      0.00 7.454e-01 2.536e-01 1.867e-04 5.803e-05 4.810e-04 -1.000 1.036e-03 -3.459 -2.920 -2.000 -3.830
0.00109 1.30e+10 0.8044718504    0.729  3.324  3.5893  0.286    3  0.000  0.518     0.00     0.00 -1  2.22e-08      0.00 7.454e-01 2.536e-01 1.867e-04 5.803e-05 4.810e-04 -1.000 1.036e-03 -3.540 -2.978 -2.038 -3.898
0.00109 1.30e+10 0.8044729829    0.727  3.331  3.5888  0.276    3  0.000  0.518     0.00     0.00 -1  2.28e-08      0.00 7.454e-01 2.536e-01 1.867e-04 5.803e-05 4.810e-04 -1.000 1.036e-03 -3.557 -2.991 -2.046 -3.913
0.00109 1.30e+10 0.8044729829    0.727  1.717  3.7463  2.520    4  0.000  0.517     0.00     0.00 -1         0      0.00 7.402e-01 2.587e-01 1.891e-04 5.990e-05 4.886e-04 -1.000 1.114e-03 0.477 0.422 0.743 -0.067
0.00109 1.30e+10 0.8045184612    0.728  1.733  3.7451  2.500    4  0.000  0.517     0.00     0.00 -1         0      0.00 7.402e-01 2.587e-01 1.891e-04 5.990e-05 4.886e-04 -1.000 1.114e-03 0.439 0.384 0.707 -0.108
0.00109 1.30e+10 0.8045650125    0.728  1.736  3.7450  2.496    4  0.000  0.517     0.00     0.00 -1         0      0.00 7.402e-01 2.587e-01 1.891e-04 5.990e-05 4.886e-04 -1.000 1.114e-03 0.430 0.376 0.700 -0.116
0.00109 1.30e+10 0.8046123385    0.728  1.737  3.7452  2.496    4  0.000  0.517     0.00     0.00 -1         0      0.00 7.402e-01 2.587e-01 1.891e-04 5.990e-05 4.886e-04 -1.000 1.114e-03 0.427 0.373 0.696 -0.119
0.00109 1.30e+10 0.8046612144    0.728  1.737  3.7456  2.497    4  0.000  0.517     0.00     0.00 -1         0      0.00 7.402e-01 2.587e-01 1.891e-04 5.990e-05 4.886e-04 -1.000 1.114e-03 0.426 0.371 0.694 -0.119
0.00109 1.30e+10 0.8047088385    0.728  1.737  3.7462  2.500    4  0.000  0.517     0.00     0.00 -1         0      0.00 7.402e-01 2.587e-01 1.891e-04 5.990e-05 4.886e-04 -1.000 1.114e-03 0.427 0.372 0.693 -0.118
0.00109 1.30e+10 0.8047568202    0.728  1.736  3.7470  2.504    4  0.000  0.517     0.00     0.00 -1         0      0.00 7.402e-01 2.587e-01 1.891e-04 5.990e-05 4.886e-04 -1.000 1.114e-03 0.430 0.373 0.693 -0.114
0.00109 1.30e+10 0.8048058152    0.728  1.735  3.7479  2.509    4  0.000  0.517     0.00     0.00 -1         0      0.00 7.402e-01 2.587e-01 1.891e-04 5.990e-05 4.886e-04 -1.000 1.114e-03 0.433 0.376 0.693 -0.109
0.00109 1.30e+10 0.8048542142    0.728  1.733  3.7489  2.515    4  0.000  0.517     0.00     0.00 -1         0      0.00 7.402e-01 2.587e-01 1.891e-04 5.990e-05 4.886e-04 -1.000 1.114e-03 0.437 0.379 0.694 -0.104
0.00109 1.30e+10 0.8049033284    0.728  1.732  3.7499  2.520    4  0.000  0.517     0.00     0.00 -1         0      0.00 7.402e-01 2.587e-01 1.891e-04 5.990e-05 4.886e-04 -1.000 1.114e-03 0.441 0.382 0.695 -0.099
0.00109 1.30e+10 0.8049498796    0.728  1.730  3.7508  2.525    4  0.000  0.517     0.00     0.00 -1         0      0.00 7.402e-01 2.587e-01 1.891e-04 5.990e-05 4.886e-04 -1.000 1.114e-03 0.444 0.384 0.695 -0.094
0.00109 1.30e+10 0.8049994707    0.728  1.729  3.7517  2.530    4  0.000  0.517     0.00     0.00 -1         0      0.00 7.402e-01 2.587e-01 1.891e-04 5.990e-05 4.886e-04 -1.000 1.114e-03 0.447 0.387 0.696 -0.090
0.00109 1.30e+10 0.8050481081    0.728  1.728  3.7526  2.535    4  0.000  0.517     0.00     0.00 -1         0      0.00 7.402e-01 2.587e-01 1.891e-04 5.990e-05 4.886e-04 -1.000 1.114e-03 0.450 0.389 0.696 -0.086
0.00109 1.30e+10 0.8050937057    0.728  1.727  3.7532  2.538    4  0.000  0.517     0.00     0.00 -1         0      0.00 7.402e-01 2.587e-01 1.891e-04 5.990e-05 4.886e-04 -1.000 1.114e-03 0.453 0.391 0.696 -0.083
0.00109 1.30e+10 0.8051417470    0.728  1.726  3.7539  2.541    4  0.000  0.517     0.00     0.00 -1         0      0.00 7.402e-01 2.587e-01 1.891e-04 5.990e-05 4.886e-04 -1.000 1.114e-03 0.454 0.392 0.696 -0.080
0.00109 1.30e+10 0.8051530123    0.728  1.726  3.7540  2.542    4  0.000  0.517     0.00     0.00 -1         0      0.00 7.402e-01 2.587e-01 1.891e-04 5.990e-05 4.886e-04 -1.000 1.114e-03 0.455 0.392 0.696 -0.079
0.00109 1.30e+10 0.8051625490    0.728  1.726  3.7541  2.542    4  0.000  0.517     0.00     0.00 -1         0      0.00 7.402e-01 2.587e-01 1.891e-04 5.990e-05 4.886e-04 -1.000 1.114e-03 0.455 0.392 0.696 -0.079
0.00109 1.30e+10 0.8052113652    0.728  1.726  3.7544  2.544    4  0.000  0.517     0.00     0.00 -1         0      0.00 7.402e-01 2.587e-01 1.891e-04 5.990e-05 4.886e-04 -1.000 1.114e-03 0.455 0.392 0.696 -0.078
0.00109 1.30e+10 0.8052610159    0.728  1.726  3.7547  2.545    4  0.000  0.517     0.00     0.00 -1         0      0.00 7.402e-01 2.587e-01 1.891e-04 5.990e-05 4.886e-04 -1.000 1.114e-03 0.455 0.392 0.695 -0.078
0.00109 1.30e+10 0.8053091168    0.728  1.727  3.7547  2.544    4  0.000  0.517     0.00     0.00 -1         0      0.00 7.402e-01 2.587e-01 1.891e-04 5.990e-05 4.886e-04 -1.000 1.114e-03 0.453 0.390 0.693 -0.080
0.00109 1.30e+10 0.8053569198    0.728  1.728  3.7546  2.543    4  0.000  0.517     0.00     0.00 -1         0      0.00 7.402e-01 2.587e-01 1.891e-04 5.990e-05 4.886e-04 -1.000 1.114e-03 0.451 0.388 0.691 -0.082
0.00109 1.30e+10 0.8054042459    0.729  1.729  3.7543  2.540    4  0.000  0.517     0.00     0.00 -1         0      0.00 7.402e-01 2.587e-01 1.891e-04 5.990e-05 4.886e-04 -1.000 1.114e-03 0.447 0.385 0.688 -0.086
0.00109 1.30e+10 0.8054541945    0.729  1.731  3.7537  2.536    4  0.000  0.517     0.00     0.00 -1         0      0.00 7.402e-01 2.587e-01 1.891e-04 5.990e-05 4.886e-04 -1.000 1.114e-03 0.442 0.380 0.685 -0.092
0.00109 1.30e+10 0.8055042028    0.729  1.733  3.7531  2.531    4  0.000  0.517     0.00     0.00 -1         0      0.00 7.402e-01 2.587e-01 1.891e-04 5.990e-05 4.886e-04 -1.000 1.114e-03 0.436 0.375 0.681 -0.099
0.00109 1.30e+10 0.8055163026    0.729  1.734  3.7530  2.530    4  0.000  0.517     0.00     0.00 -1         0      0.00 7.402e-01 2.587e-01 1.891e-04 5.990e-05 4.886e-04 -1.000 1.114e-03 0.435 0.373 0.680 -0.101
0.00109 1.30e+10 0.8055391312    0.729  1.736  3.7524  2.527    4  0.000  0.517     0.00     0.00 -1         0      0.00 7.402e-01 2.587e-01 1.891e-04 5.990e-05 4.886e-04 -1.000 1.114e-03 0.431 0.370 0.677 -0.106
0.00109 1.30e+10 0.8055814505    0.729  1.739  3.7515  2.520    4  0.000  0.517     0.00     0.00 -1         0      0.00 7.402e-01 2.587e-01 1.891e-04 5.990e-05 4.886e-04 -1.000 1.114e-03 0.423 0.362 0.672 -0.115
0.00109 1.30e+10 0.8056238890    0.729  1.742  3.7506  2.513    4  0.000  0.517     0.00     0.00 -1         0      0.00 7.402e-01 2.587e-01 1.891e-04 5.990e-05 4.886e-04 -1.000 1.114e-03 0.414 0.355 0.666 -0.125
0.00109 1.30e+10 0.8056654334    0.729  1.746  3.7496  2.505    4  0.000  0.517     0.00     0.00 -1         0      0.00 7.402e-01 2.587e-01 1.891e-04 5.990e-05 4.886e-04 -1.000 1.114e-03 0.405 0.346 0.660 -0.136
0.00109 1.30e+10 0.8057073355    0.729  1.750  3.7485  2.496    4  0.000  0.517     0.00     0.00 -1         0      0.00 7.402e-01 2.587e-01 1.891e-04 5.990e-05 4.886e-04 -1.000 1.114e-03 0.394 0.336 0.652 -0.148
0.00109 1.30e+10 0.8057494164    0.729  1.755  3.7473  2.487    4  0.000  0.517     0.00     0.00 -1         0      0.00 7.402e-01 2.587e-01 1.891e-04 5.990e-05 4.886e-04 -1.000 1.114e-03 0.382 0.325 0.644 -0.161
0.00109 1.30e+10 0.8057911396    0.729  1.759  3.7464  2.479    4  0.000  0.517     0.00     0.00 -1         0      0.00 7.402e-01 2.587e-01 1.891e-04 5.990e-05 4.886e-04 -1.000 1.114e-03 0.372 0.316 0.636 -0.173
0.00109 1.30e+10 0.8058333397    0.729  1.759  3.7466  2.480    4  0.000  0.517     0.00     0.00 -1         0      0.00 7.402e-01 2.587e-01 1.891e-04 5.990e-05 4.886e-04 -1.000 1.114e-03 0.371 0.315 0.635 -0.173
0.00109 1.30e+10 0.8058750629    0.729  1.768  3.7447  2.464    4  0.000  0.517     0.00     0.00 -1         0      0.00 7.402e-01 2.587e-01 1.891e-04 5.990e-05 4.886e-04 -1.000 1.114e-03 0.351 0.296 0.620 -0.197
0.00109 1.30e+10 0.8059202433    0.729  1.778  3.7426  2.445    4  0.000  0.517     0.00     0.00 -1         0      0.00 7.402e-01 2.587e-01 1.891e-04 5.990e-05 4.886e-04 -1.000 1.114e-03 0.325 0.272 0.601 -0.226
0.00109 1.30e+10 0.8059575558    0.729  1.789  3.7406  2.426    4  0.000  0.517     0.00     0.00 -1         0      0.00 7.402e-01 2.587e-01 1.891e-04 5.990e-05 4.886e-04 -1.000 1.114e-03 0.298 0.247 0.580 -0.255
0.00109 1.30e+10 0.8059996367    0.729  1.806  3.7377  2.398    4  0.000  0.517     0.00     0.00 -1         0      0.00 7.402e-01 2.587e-01 1.891e-04 5.990e-05 4.886e-04 -1.000 1.114e-03 0.256 0.207 0.547 -0.302
0.00109 1.30e+10 0.8060421944    0.729  1.834  3.7333  2.352    4  0.000  0.517     0.00     0.00 -1         0      0.00 7.402e-01 2.587e-01 1.891e-04 5.990e-05 4.886e-04 -1.000 1.114e-03 0.185 0.141 0.491 -0.378
0.00109 1.30e+10 0.8060689569    0.729  1.868  3.7285  2.299    4  0.000  0.517     0.00     0.00 -1         0      0.00 7.402e-01 2.587e-01 1.891e-04 5.990e-05 4.886e-04 -1.000 1.114e-03 0.101 0.063 0.424 -0.467
0.00109 1.30e+10 0.8060823679    0.729  1.903  3.7235  2.244    4  0.000  0.517     0.00     0.00 -1         0      0.00 7.402e-01 2.587e-01 1.891e-04 5.990e-05 4.886e-04 -1.000 1.114e-03 0.011 -0.021 0.353 -0.563
0.00109 1.30e+10 0.8060883284    0.729  1.937  3.7191  2.192    4  0.000  0.517     0.00     0.00 -1         0      0.00 7.402e-01 2.587e-01 1.891e-04 5.990e-05 4.886e-04 -1.000 1.114e-03 -0.073 -0.099 0.286 -0.650
0.00109 1.30e+10 0.8060913086    0.729  1.972  3.7148  2.140    4  0.000  0.517     0.00     0.00 -1         0      0.00 7.402e-01 2.587e-01 1.891e-04 5.990e-05 4.886e-04 -1.000 1.114e-03 -0.159 -0.178 0.218 -0.740
0.00109 1.30e+10 0.8060928583    0.729  2.003  3.7111  2.094    4  0.000  0.517     0.00     0.00 -1         0      0.00 7.402e-01 2.587e-01 1.891e-04 5.990e-05 4.886e-04 -1.000 1.114e-03 -0.238 -0.252 0.154 -0.822
0.00109 1.30e+10 0.8060937524    0.729  2.034  3.7078  2.050    4  0.000  0.517     0.00     0.00 -1         0      0.00 7.402e-01 2.587e-01 1.891e-04 5.990e-05 4.886e-04 -1.000 1.114e-03 -0.315 -0.322 0.092 -0.900
0.00109 1.30e+10 0.8060939312    0.729  2.041  3.7071  2.041    7  0.000  0.517     0.00     0.00 -1         0      0.00 7.402e-01 2.587e-01 1.891e-04 5.990e-05 4.886e-04 -1.000 1.114e-03 -0.331 -0.338 0.079 -0.917
0.00109 1.30e+10 0.8060939908    0.729  2.045  3.7066  2.035    7  0.000  0.517     0.00     0.00 -1         0      0.00 7.402e-01 2.587e-01 1.891e-04 5.990e-05 4.886e-04 -1.000 1.114e-03 -0.342 -0.347 0.070 -0.928
0.00109 1.30e+10 0.8060950637    0.729  2.092  3.7020  1.968    7  0.000  0.517     0.00     0.00 -1         0      0.00 7.402e-01 2.587e-01 1.891e-04 5.990e-05 4.886e-04 -1.000 1.114e-03 -0.461 -0.457 -0.027 -1.049
0.00109 1.30e+10 0.8060958385    0.729  2.130  3.6984  1.917    7  0.000  0.517     0.00     0.00 -1         0      0.00 7.402e-01 2.587e-01 1.891e-04 5.990e-05 4.886e-04 -1.000 1.114e-03 -0.554 -0.544 -0.104 -1.144
0.00109 1.30e+10 0.8060966730    0.729  2.162  3.6956  1.874    7  0.000  0.517     0.00     0.00 -1         0      0.00 7.402e-01 2.587e-01 1.891e-04 5.990e-05 4.886e-04 -1.000 1.114e-03 -0.634 -0.618 -0.170 -1.225
0.00109 1.30e+10 0.8060975075    0.729  2.168  3.6952  1.866    7  0.000  0.517     0.00     0.00 -1         0      0.00 7.402e-01 2.587e-01 1.891e-04 5.990e-05 4.886e-04 -1.000 1.114e-03 -0.649 -0.632 -0.183 -1.241
0.00109 1.30e+10 0.8060995340    0.729  2.163  3.6958  1.873    7  0.000  0.517     0.00     0.00 -1         0      0.00 7.402e-01 2.587e-01 1.891e-04 5.990e-05 4.886e-04 -1.000 1.114e-03 -0.638 -0.623 -0.175 -1.230
0.00109 1.30e+10 0.8061012626    0.729  2.143  3.6976  1.900    7  0.000  0.517     0.00     0.00 -1         0      0.00 7.402e-01 2.587e-01 1.891e-04 5.990e-05 4.886e-04 -1.000 1.114e-03 -0.588 -0.576 -0.134 -1.179
0.00109 1.30e+10 0.8061059117    0.729  2.130  3.6987  1.917    7  0.000  0.517     0.00     0.00 -1         0      0.00 7.402e-01 2.587e-01 1.891e-04 5.990e-05 4.886e-04 -1.000 1.114e-03 -0.556 -0.546 -0.107 -1.146
0.00109 1.30e+10 0.8061326742    0.729  2.151  3.6964  1.888    7  0.000  0.517     0.00     0.00 -1         0      0.00 7.402e-01 2.587e-01 1.891e-04 5.990e-05 4.886e-04 -1.000 1.114e-03 -0.606 -0.592 -0.146 -1.198
0.00109 1.30e+10 0.8061487675    0.729  2.185  3.6931  1.840    7  0.000  0.517     0.00     0.00 -1         0      0.00 7.402e-01 2.587e-01 1.891e-04 5.990e-05 4.886e-04 -1.000 1.114e-03 -0.693 -0.672 -0.216 -1.285
0.00109 1.30e+10 0.8061668873    0.729  2.238  3.6881  1.767    7  0.000  0.517     0.00     0.00 -1         0      0.00 7.402e-01 2.587e-01 1.891e-04 5.990e-05 4.886e-04 -1.000 1.114e-03 -0.826 -0.792 -0.322 -1.417
0.00109 1.30e+10 0.8061835766    0.729  2.286  3.6838  1.702    7  0.000  0.517     0.00     0.00 -1         0      0.00 7.402e-01 2.587e-01 1.891e-04 5.990e-05 4.886e-04 -1.000 1.114e-03 -0.946 -0.902 -0.419 -1.537
0.00109 1.30e+10 0.8061982393    0.729  2.330  3.6800  1.643    7  0.000  0.517     0.00     0.00 -1         0      0.00 7.402e-01 2.587e-01 1.891e-04 5.990e-05 4.886e-04 -1.000 1.114e-03 -1.054 -1.000 -0.505 -1.644
0.00109 1.30e+10 0.8062112331    0.729  2.372  3.6763  1.586    7  0.000  0.517     0.00     0.00 -1         0      0.00 7.402e-01 2.587e-01 1.891e-04 5.990e-05 4.886e-04 -1.000 1.114e-03 -1.161 -1.095 -0.589 -1.748
0.00109 1.30e+10 0.8062225580    0.729  2.414  3.6727  1.530    7  0.000  0.517     0.00     0.00 -1         0      0.00 7.402e-01 2.587e-01 1.890e-04 5.990e-05 4.886e-04 -1.000 1.117e-03 -1.265 -1.188 -0.671 -1.851
0.00109 1.30e+10 0.8062325120    0.729  2.455  3.6692  1.475    7  0.000  0.516     0.00     0.00 -1         0      0.00 7.402e-01 2.587e-01 1.889e-04 5.995e-05 4.886e-04 -1.000 1.127e-03 -1.367 -1.280 -0.751 -1.951
0.00109 1.30e+10 0.8062415123    0.729  2.496  3.6657  1.420    7  0.000  0.515     0.00     0.00 -1         0      0.00 7.402e-01 2.587e-01 1.883e-04 6.019e-05 4.886e-04 -1.000 1.127e-03 -1.469 -1.370 -0.828 -2.050
0.00109 1.30e+10 0.8062496781    0.729  2.536  3.6621  1.365    7  0.000  0.510     0.00     0.00 -1         0      0.00 7.402e-01 2.587e-01 1.868e-04 6.133e-05 4.886e-04 -1.000 1.127e-03 -1.571 -1.459 -0.905 -2.149
0.00109 1.30e+10 0.8062571287    0.729  2.577  3.6586  1.310    7  0.000  0.502     0.00     0.00 -1         0      0.00 7.402e-01 2.587e-01 1.840e-04 6.433e-05 4.886e-04 -1.000 1.125e-03 -1.672 -1.548 -0.980 -2.247
0.00109 1.30e+10 0.8062641621    0.729  2.618  3.6550  1.255    7  0.000  0.492     0.00     0.00 -1         0      0.00 7.402e-01 2.587e-01 1.805e-04 6.856e-05 4.886e-04 -1.000 1.114e-03 -1.775 -1.637 -1.057 -2.346
0.00109 1.30e+10 0.8062705994    0.729  2.658  3.6514  1.200    7  0.000  0.483     0.00     0.00 -1         0      0.00 7.402e-01 2.587e-01 1.771e-04 7.263e-05 4.886e-04 -1.000 1.071e-03 -1.876 -1.722 -1.128 -2.441
0.00109 1.30e+10 0.8062767982    0.729  2.699  3.6479  1.146    7  0.000  0.475     0.00     0.00 -1         0      0.00 7.401e-01 2.588e-01 1.742e-04 7.618e-05 4.886e-04 -1.000 1.109e-03 -1.976 -1.806 -1.197 -2.535
0.00109 1.30e+10 0.8062828779    0.729  2.739  3.6444  1.092    7  0.000  0.468     0.00     0.00 -1         0      0.00 7.401e-01 2.588e-01 1.717e-04 7.931e-05 4.886e-04 -1.000 1.126e-03 -2.077 -1.890 -1.266 -2.628
0.00109 1.30e+10 0.8062886596    0.730  2.780  3.6407  1.036    7  0.000  0.462     0.00     0.00 -1         0      0.00 7.400e-01 2.588e-01 1.694e-04 8.203e-05 4.886e-04 -1.000 1.113e-03 -2.179 -1.975 -1.336 -2.724
0.00109 1.30e+10 0.8062937856    0.730  2.821  3.6370  0.981    7  0.000  0.456     0.00     0.00 -1         0      0.00 7.400e-01 2.589e-01 1.675e-04 8.448e-05 4.885e-04 -1.000 1.124e-03 -2.281 -2.057 -1.402 -2.817
0.00109 1.30e+10 0.8062985539    0.730  2.864  3.6331  0.921    7  0.000  0.451     0.00     0.00 -1         0      0.00 7.399e-01 2.589e-01 1.656e-04 8.678e-05 4.885e-04 -1.000 1.122e-03 -2.391 -2.144 -1.469 -2.917
0.00109 1.30e+10 0.8063023090    0.730  2.909  3.6290  0.860    7  0.000  0.447     0.00     0.00 -1         0      0.00 7.399e-01 2.590e-01 1.640e-04 8.878e-05 4.884e-04 -1.000 1.118e-03 -2.503 -2.233 -1.537 -3.019
0.00109 1.30e+10 0.8063051701    0.730  2.951  3.6252  0.803    7  0.000  0.444     0.00     0.00 -1         0      0.00 7.398e-01 2.591e-01 1.627e-04 9.035e-05 4.882e-04 -1.000 1.072e-03 -2.607 -2.314 -1.598 -3.113
0.00109 1.30e+10 0.8063077927    0.730  2.991  3.6216  0.749    7  0.000  0.441     0.00     0.00 -1         0      0.00 7.397e-01 2.591e-01 1.617e-04 9.156e-05 4.881e-04 -1.000 1.109e-03 -2.707 -2.390 -1.654 -3.200
0.00109 1.30e+10 0.8063103557    0.730  3.032  3.6178  0.692    7  0.000  0.439     0.00     0.00 -1         0      0.00 7.397e-01 2.592e-01 1.609e-04 9.254e-05 4.879e-04 -1.000 1.125e-03 -2.810 -2.468 -1.711 -3.291
0.00109 1.30e+10 0.8063124418    0.730  3.071  3.6143  0.639    7  0.000  0.438     0.00     0.00 -1         0      0.00 7.396e-01 2.592e-01 1.604e-04 9.320e-05 4.878e-04 -1.000 1.125e-03 -2.907 -2.541 -1.764 -3.376
0.00109 1.30e+10 0.8063141108    0.730  3.111  3.6106  0.585    7  0.000  0.436     0.00     0.00 -1         0      0.00 7.396e-01 2.593e-01 1.600e-04 9.376e-05 4.877e-04 -1.000 1.067e-03 -3.006 -2.614 -1.816 -3.461
0.00109 1.30e+10 0.8063144088    0.730  3.130  3.6088  0.559    7  0.000  0.436     0.00     0.00 -1         0      0.00 7.396e-01 2.593e-01 1.596e-04 9.428e-05 4.875e-04 -1.000 1.052e-03 -3.054 -2.649 -1.840 -3.501
0.00109 1.30e+10 0.8063148856    0.730  3.158  3.6062  0.520    7  0.521  0.433     0.00     0.00 -1         0      0.00 7.395e-01 2.594e-01 1.587e-04 9.544e-05 4.872e-04 -1.000 1.127e-03 -3.124 -2.699 -1.875 -3.561
0.00109 1.30e+10 0.8063149452    0.730  3.158  3.6033  0.509    8  0.521  0.453    56.26    29.20  1  -1.9e-07      0.00 7.395e-01 2.594e-01 1.668e-04 9.557e-05 4.896e-04 -1.000 1.087e-03 -3.124 -2.679 -1.841 -3.548
0.00109 1.30e+10 0.8063150048    0.729  2.915  3.6250  0.837    8  0.521  0.454    27.67    15.81  1 -7.48e-08      0.00 7.395e-01 2.594e-01 1.668e-04 9.557e-05 4.896e-04 -1.000 1.087e-03 -2.518 -2.225 -1.511 -3.022
0.00109 1.30e+10 0.8063150644    0.728  2.762  3.6387  1.045    8  0.522  0.454    17.68    10.72  1 -4.47e-08      0.00 7.395e-01 2.594e-01 1.668e-04 9.557e-05 4.896e-04 -1.000 1.087e-03 -2.134 -1.919 -1.274 -2.673
0.00109 1.30e+10 0.8063152432    0.725  2.587  3.6543  1.280    8  0.522  0.454    10.64     6.90  1 -2.66e-08      0.00 7.395e-01 2.594e-01 1.668e-04 9.557e-05 4.896e-04 -1.000 1.087e-03 -1.698 -1.557 -0.976 -2.267
0.00109 1.30e+10 0.8063154817    0.722  2.601  3.6530  1.259    8  0.522  0.454    11.15     7.17  1 -2.79e-08      0.00 7.395e-01 2.594e-01 1.668e-04 9.557e-05 4.896e-04 -1.000 1.087e-03 -1.733 -1.587 -1.000 -2.301
0.00109 1.30e+10 0.8063157797    0.717  2.729  3.6416  1.083    8  0.522  0.454    16.30     9.92  1 -4.11e-08      0.00 7.395e-01 2.594e-01 1.668e-04 9.557e-05 4.896e-04 -1.000 1.087e-03 -2.052 -1.852 -1.219 -2.597
0.00109 1.30e+10 0.8063161373    0.712  2.911  3.6252  0.832    8  0.522  0.454    28.05    15.81  1 -7.63e-08      0.00 7.395e-01 2.594e-01 1.668e-04 9.557e-05 4.896e-04 -1.000 1.087e-03 -2.508 -2.216 -1.503 -3.013
0.00109 1.30e+10 0.8063164949    0.705  3.066  3.6112  0.617    8  0.522  0.454    44.62    23.50  1 -1.38e-07      0.00 7.395e-01 2.594e-01 1.668e-04 9.557e-05 4.896e-04 -1.000 1.087e-03 -2.896 -2.509 -1.717 -3.353
0.00109 1.30e+10 0.8063169718    0.698  3.171  3.6018  0.470    8  0.523  0.454    61.28    30.74  1 -2.15e-07      0.00 7.395e-01 2.594e-01 1.668e-04 9.557e-05 4.896e-04 -1.000 1.087e-03 -3.157 -2.699 -1.848 -3.575
0.00109 1.30e+10 0.8063175082    0.690  3.232  3.5962  0.382    8  0.523  0.454    74.28    36.06  1 -2.84e-07      0.00 7.395e-01 2.594e-01 1.668e-04 9.557e-05 4.896e-04 -1.000 1.087e-03 -3.311 -2.807 -1.916 -3.703
0.00109 1.30e+10 0.8063181043    0.682  3.268  3.5928  0.326    8  0.524  0.454    83.78    39.71  1 -3.39e-07      0.00 7.395e-01 2.594e-01 1.668e-04 9.557e-05 4.896e-04 -1.000 1.087e-03 -3.401 -2.868 -1.952 -3.777
0.00109 1.30e+10 0.8063187599    0.672  3.296  3.5902  0.283    8  0.524  0.453    92.28    42.78  1 -3.92e-07      0.00 7.395e-01 2.594e-01 1.668e-04 9.557e-05 4.896e-04 -1.000 1.087e-03 -3.470 -2.915 -1.978 -3.832
0.00109 1.30e+10 0.8063187599    0.672  3.104  3.6077  0.544    8  0.524  0.454    52.48    26.25  1 -1.73e-07      0.00 7.395e-01 2.594e-01 1.668e-04 9.557e-05 4.896e-04 -1.000 1.087e-03 -2.989 -2.575 -1.760 -3.432
0.00109 1.30e+10 0.8063188791    0.670  2.907  3.6258  0.813    8  0.524  0.454    29.41    15.89  1 -8.23e-08      0.00 7.395e-01 2.594e-01 1.668e-04 9.557e-05 4.896e-04 -1.000 1.087e-03 -2.497 -2.208 -1.495 -3.004
0.00109 1.30e+10 0.8063189387    0.668  2.728  3.6425  1.056    8  0.524  0.454    17.41    10.07  1 -4.58e-08      0.00 7.395e-01 2.594e-01 1.668e-04 9.557e-05 4.896e-04 -1.000 1.087e-03 -2.051 -1.855 -1.223 -2.599
0.00109 1.30e+10 0.8063191175    0.664  2.738  3.6426  1.045    8  0.524  0.454    17.86    10.26  1  -4.8e-08      0.00 7.395e-01 2.594e-01 1.668e-04 9.557e-05 4.896e-04 -1.000 1.087e-03 -2.074 -1.878 -1.246 -2.623
0.00109 1.30e+10 0.8063192964    0.659  2.857  3.6329  0.884    8  0.524  0.454    25.32    13.80  1  -7.3e-08      0.00 7.395e-01 2.594e-01 1.668e-04 9.557e-05 4.896e-04 -1.000 1.087e-03 -2.373 -2.124 -1.445 -2.900
0.00109 1.30e+10 0.8063195348    0.654  3.029  3.6187  0.651    8  0.525  0.454    41.89    21.19  1 -1.41e-07      0.00 7.395e-01 2.594e-01 1.668e-04 9.557e-05 4.896e-04 -1.000 1.087e-03 -2.803 -2.465 -1.708 -3.288
0.00109 1.30e+10 0.8063198328    0.647  3.173  3.6073  0.457    8  0.525  0.454    63.81    30.26  1  -2.6e-07      0.00 7.395e-01 2.594e-01 1.668e-04 9.557e-05 4.896e-04 -1.000 1.087e-03 -3.163 -2.742 -1.914 -3.605
0.00109 1.30e+10 0.8063201904    0.640  3.266  3.6007  0.333    8  0.525  0.454    83.70    37.90  1 -4.02e-07      0.00 7.395e-01 2.594e-01 1.668e-04 9.557e-05 4.896e-04 -1.000 1.087e-03 -3.396 -2.921 -2.043 -3.809
0.00109 1.30e+10 0.8063205481    0.632  3.316  3.5982  0.268    8  0.525  0.454    96.59    42.41  0  -5.2e-07      0.00 7.395e-01 2.594e-01 1.668e-04 9.557e-05 4.896e-04 -1.000 1.087e-03 -3.519 -3.022 -2.123 -3.922
0.00109 1.30e+10 0.8063209653    0.623  3.339  3.5983  0.239    8  0.526  0.454   103.34    44.35  0 -6.04e-07      0.00 7.395e-01 2.594e-01 1.668e-04 9.557e-05 4.896e-04 -1.000 1.087e-03 -3.578 -3.079 -2.176 -3.981
0.00109 1.30e+10 0.8063213825    0.613  3.353  3.5996  0.223    8  0.526  0.453   107.51    45.14  0 -6.74e-07      0.00 7.395e-01 2.594e-01 1.668e-04 9.556e-05 4.896e-04 -1.000 1.087e-03 -3.612 -3.121 -2.220 -4.021
0.00109 1.30e+10 0.8063213825    0.613  3.167  3.6165  0.477    8  0.526  0.454    62.25    28.13  1 -3.01e-07      0.00 7.395e-01 2.594e-01 1.668e-04 9.556e-05 4.896e-04 -1.000 1.087e-03 -3.147 -2.789 -2.003 -3.627
0.00109 1.30e+10 0.8063214421    0.612  2.970  3.6347  0.746    8  0.526  0.454    34.84    17.00  1  -1.4e-07      0.00 7.395e-01 2.594e-01 1.668e-04 9.556e-05 4.896e-04 -1.000 1.087e-03 -2.654 -2.412 -1.727 -3.190
0.00109 1.30e+10 0.8063215017    0.610  2.789  3.6516  0.993    8  0.526  0.454    20.49    10.71  1 -7.53e-08      0.00 7.395e-01 2.594e-01 1.668e-04 9.556e-05 4.896e-04 -1.000 1.087e-03 -2.203 -2.049 -1.445 -2.774
0.00109 1.30e+10 0.8063215613    0.607  2.796  3.6517  0.985    8  0.526  0.454    20.89    10.83  1  -7.8e-08      0.00 7.395e-01 2.594e-01 1.668e-04 9.556e-05 4.896e-04 -1.000 1.087e-03 -2.219 -2.065 -1.461 -2.791
0.00109 1.30e+10 0.8063216805    0.604  2.910  3.6421  0.830    8  0.526  0.454    29.26    14.40  1 -1.17e-07      0.00 7.395e-01 2.594e-01 1.668e-04 9.556e-05 4.896e-04 -1.000 1.087e-03 -2.505 -2.304 -1.654 -3.060
0.00109 1.30e+10 0.8063217998    0.600  3.076  3.6281  0.605    8  0.526  0.454    47.65    21.77  1 -2.23e-07      0.00 7.395e-01 2.594e-01 1.668e-04 9.556e-05 4.896e-04 -1.000 1.087e-03 -2.919 -2.637 -1.913 -3.439
0.00109 1.30e+10 0.8063219190    0.596  3.213  3.6168  0.420    8  0.527  0.454    71.41    30.58  1    -4e-07      0.00 7.395e-01 2.594e-01 1.668e-04 9.556e-05 4.896e-04 -1.000 1.087e-03 -3.262 -2.902 -2.110 -3.745
0.00109 1.30e+10 0.8063220978    0.591  3.299  3.6104  0.304    8  0.527  0.454    92.18    37.66  0 -5.97e-07      0.00 7.395e-01 2.594e-01 1.668e-04 9.556e-05 4.896e-04 -1.000 1.087e-03 -3.478 -3.068 -2.229 -3.936
0.00109 1.30e+10 0.8063222766    0.585  3.341  3.6081  0.248    8  0.527  0.454   104.71    41.41  0 -7.43e-07      0.00 7.395e-01 2.594e-01 1.668e-04 9.556e-05 4.896e-04 -1.000 1.087e-03 -3.584 -3.154 -2.297 -4.032
0.00109 1.30e+10 0.8063224554    0.579  3.358  3.6083  0.228    8  0.527  0.454   110.24    42.48  0 -8.25e-07      0.00 7.395e-01 2.594e-01 1.668e-04 9.556e-05 4.896e-04 -1.000 1.087e-03 -3.624 -3.195 -2.335 -4.073
0.00109 1.30e+10 0.8063226938    0.572  3.363  3.6097  0.223    8  0.527  0.453   112.79    42.32  0 -8.79e-07      0.00 7.395e-01 2.594e-01 1.668e-04 9.556e-05 4.896e-04 -1.000 1.087e-03 -3.638 -3.218 -2.364 -4.094
0.00109 1.30e+10 0.8063226938    0.572  3.182  3.6264  0.471    8  0.527  0.454    66.15    26.64  1 -4.01e-07      0.00 7.395e-01 2.594e-01 1.668e-04 9.556e-05 4.896e-04 -1.000 1.087e-03 -3.185 -2.889 -2.144 -3.703
0.00109 1.30e+10 0.8063227534    0.571  2.985  3.6449  0.741    8  0.527  0.454    36.98    16.05  1 -1.86e-07      0.00 7.395e-01 2.594e-01 1.668e-04 9.556e-05 4.896e-04 -1.000 1.087e-03 -2.692 -2.503 -1.856 -3.256
0.00109 1.30e+10 0.8063228130    0.569  2.803  3.6625  0.992    8  0.527  0.454    21.62    10.02  1 -1.01e-07      0.00 7.395e-01 2.594e-01 1.668e-04 9.556e-05 4.896e-04 -1.000 1.087e-03 -2.238 -2.128 -1.559 -2.828
0.00109 1.30e+10 0.8063229322    0.567  2.809  3.6634  0.989    8  0.528  0.454    21.88    10.03  1 -1.05e-07      0.00 7.395e-01 2.594e-01 1.668e-04 9.556e-05 4.896e-04 -1.000 1.087e-03 -2.252 -2.145 -1.578 -2.842
0.00109 1.30e+10 0.8063230515    0.564  2.921  3.6551  0.841    8  0.528  0.454    30.32    13.11  1 -1.58e-07      0.00 7.395e-01 2.594e-01 1.668e-04 9.556e-05 4.896e-04 -1.000 1.087e-03 -2.532 -2.392 -1.788 -3.116
0.00109 1.30e+10 0.8063232303    0.560  3.083  3.6426  0.626    8  0.528  0.454    48.66    19.38  1 -2.99e-07      0.00 7.395e-01 2.594e-01 1.668e-04 9.556e-05 4.896e-04 -1.000 1.087e-03 -2.937 -2.734 -2.069 -3.499
0.00109 1.30e+10 0.8063234091    0.556  3.217  3.6331  0.451    8  0.528  0.454    71.96    26.52  1 -5.34e-07      0.00 7.395e-01 2.594e-01 1.668e-04 9.556e-05 4.896e-04 -1.000 1.087e-03 -3.272 -3.012 -2.292 -3.812
0.00109 1.30e+10 0.8063236475    0.551  3.300  3.6285  0.346    8  0.528  0.454    91.88    31.70  1 -7.95e-07      0.00 7.395e-01 2.594e-01 1.668e-04 9.556e-05 4.896e-04 -1.000 1.087e-03 -3.479 -3.189 -2.436 -4.008
0.00109 1.30e+10 0.8063238859    0.546  3.339  3.6284  0.301    8  0.528  0.454   103.78    33.61  0 -9.89e-07      0.00 7.395e-01 2.594e-01 1.668e-04 9.556e-05 4.896e-04 -1.000 1.087e-03 -3.577 -3.284 -2.524 -4.106
0.00109 1.30e+10 0.8063241243    0.540  3.352  3.6309  0.294    8  0.528  0.454   109.98    32.85  0  -1.1e-06      0.00 7.395e-01 2.594e-01 1.668e-04 9.556e-05 4.896e-04 -1.000 1.087e-03 -3.610 -3.331 -2.582 -4.147
0.00109 1.30e+10 0.8063244224    0.534  3.354  3.6349  0.302    8  0.529  0.453   117.86    30.15  0 -1.18e-06      0.00 7.395e-01 2.594e-01 1.668e-04 9.556e-05 4.896e-04 -1.000 1.087e-03 -3.616 -3.360 -2.629 -4.165
0.00109 1.30e+10 0.8063250184    0.534 -9.999  4.0643  2.087    9  0.534  0.000     0.00     0.00 -1         0      0.00 7.395e-01 2.594e-01 1.668e-04 9.556e-05 4.896e-04 -1.000 1.087e-03 29.767 30.366 30.321 30.410
#isochrone terminated